4000
28842 29080
12514 27511
27354 27480
13257 28620
18276 22846
5323 20038
21320 25770
2476 11524
27788 29885
3415 17432
24109 28855
16984 26653
14372 22862
27931 28170
28509 29700
9830 11043
6868 15054
7736 14189
19487 20375
19294 26960
16406 17698
6926 28176
2810 12044
17979 27242
29341 29968
15929 20583
6115 23123
11028 12050
11556 16089
8910 26761
5980 7942
17761 23798
9277 10583
11400 23372
13329 26488
7199 8090
4172 26773
12775 13345
5757 16779
11744 21526
27191 28730
18166 22593
13515 24484
3443 19758
23519 24932
29446 29785
23126 26825
8764 23580
15334 23929
28428 29995
22000 28718
1768 15002
634 1431
23245 28657
28428 29486
17860 19992
4832 28899
15498 27025
26957 27888
16812 17474
23234 26770
4245 21600
24069 25338
7113 16506
7463 13569
11571 24862
9548 27629
25696 27536
17361 18712
26617 26700
26599 28452
12365 29134
15014 24618
21057 25582
9827 24034
26464 29032
21178 21253
9336 17768
24817 25500
10627 19847
6380 17282
19579 22462
21943 28079
27473 28782
24888 29709
28233 28749
1986 2529
4925 13081
10296 18460
3902 10123
7349 24809
6002 26477
1640 9202
18184 21204
29982 29992
21788 23908
12478 17830
10615 11018
21571 28677
8125 23778
14752 20428
2077 13274
29896 29902
14810 16320
16235 23015
9860 11345
1696 19318
21396 25159
25636 29328
21867 22441
5168 26662
1922 15182
1284 10692
6237 16775
28759 29457
21824 27659
26261 28118
6074 19315
15289 18800
9896 12691
16318 16995
28282 28426
56 6378
15030 17865
13568 19750
25108 29122
14219 18063
18940 26093
19472 29543
9368 15135
7739 15572
21775 23782
17975 24060
15961 17648
20706 22231
325 26056
22688 25037
10520 16907
26662 28916
9008 24437
22438 23840
6319 20293
19394 22908
22713 25030
18399 23791
11388 13562
26792 29197
28462 29962
28695 29703
12322 19691
1182 13128
7514 29313
21879 22787
17139 26294
27283 29002
7033 22995
16123 26438
19381 29259
26899 28314
16832 20451
11773 22219
775 3049
24521 27002
26905 28332
16678 27028
12258 26914
3760 12646
26403 27225
15002 28567
9831 23121
23358 23765
24217 28840
14672 21502
14195 26858
24927 25343
13010 19841
5754 16194
22304 25328
24516 27518
9000 21248
6317 6649
15139 15326
3093 24768
10771 14569
7857 16239
24119 26926
18543 27831
6225 10186
7263 19626
11867 18599
6254 12299
1684 5628
12016 26422
11778 15716
4162 14584
1268 27006
5520 11998
22269 26187
15513 24422
15426 19013
23387 24539
28837 29124
11811 23605
12469 24280
13226 21076
16154 22737
19560 27310
24170 26890
17472 28629
1148 5992
17915 18939
24474 28510
24542 28931
9767 29048
19182 27668
20750 29022
29768 29907
7056 26870
1919 13356
24023 27135
7973 8397
17699 25652
26358 26794
7010 29092
20427 28906
24343 27899
4283 24314
5466 14460
2315 12727
6944 26217
67 25485
25649 29439
14605 28583
23073 28547
6082 25737
10482 23873
5638 29476
5678 6968
20198 28226
11536 13858
10164 16575
22215 25708
25143 26924
27349 29522
5011 10903
2651 4878
5873 15077
29450 29820
13116 25671
25138 27110
14574 21267
25417 25666
27955 29509
8768 13930
647 24533
6796 21571
8519 17283
25065 26623
25165 26091
15347 24364
3562 20405
26274 27372
12670 23591
26517 27017
29652 29784
4603 29895
13224 21175
12568 24599
29935 29974
5852 25715
7382 29415
14256 27946
24564 25307
11047 26467
23516 26394
8351 16719
1855 29954
28236 29408
1671 7081
966 20442
1492 28674
21919 25548
19210 27400
26572 28092
29101 29534
21347 24773
20606 27273
28201 29981
23309 24729
17371 25108
18482 28430
2933 3285
6001 15673
29712 29743
22199 29584
13579 27304
1548 2636
17099 28755
19812 29833
12331 20351
27214 30000
3209 7639
6487 23088
17867 22341
19920 27907
9465 26565
20779 25279
8453 27850
14279 18820
11592 16577
25773 28789
15203 23024
22288 25509
8672 28710
23844 29399
20306 29121
24237 27575
14644 29281
7084 16821
10554 25313
6577 27087
6131 6225
9537 28997
20741 22082
4092 4935
24372 29077
17126 23247
20684 23144
17851 26037
4440 26028
17335 22281
25977 29221
17499 21564
18630 23627
21634 22779
28930 29430
14531 22610
2443 11450
3972 27994
2674 19565
19422 21180
15958 28843
7810 25066
28145 28605
26010 28172
29412 29722
15642 22445
22183 29947
27313 27331
6346 11849
539 567
12591 24271
20818 26425
257 9242
24699 25014
27011 29212
18674 27388
29605 29823
16530 27552
10518 14122
5788 23964
9202 27515
3330 21150
27235 29999
19864 23395
8249 25955
25878 29399
13398 19908
20163 20999
22879 27023
19292 27845
27755 29925
5661 20202
29866 29975
24565 25265
4908 17126
1848 24551
28347 29164
10337 16002
26624 28105
21468 27833
8269 14270
590 23912
18461 20559
20142 24886
27695 29904
23395 26408
14133 25559
20581 23048
14076 25748
24238 29430
15815 21215
13256 20724
28724 29275
8577 23996
2076 7110
2730 14027
2688 17881
577 20887
19210 21527
25381 27595
14546 26679
15420 27577
26465 27859
4803 8465
312 3058
10772 12287
2161 3792
28644 29841
22891 26357
29603 29788
20685 21936
18185 28950
8757 22910
12058 26461
11259 18466
28154 28851
24470 29175
22848 28637
22223 23890
26515 27677
19293 22535
19103 29681
7070 16930
6970 28605
15121 24945
10196 21057
17830 28517
9038 16381
26135 29030
5480 17175
23887 25134
5032 24060
17978 19923
19999 24103
16664 26965
19135 26299
1543 6996
17913 23377
14386 20421
5462 29226
8021 29249
4091 25895
20789 22896
8648 15034
4551 25950
19722 29911
7732 29655
28444 29471
9269 23984
22527 24274
24916 26969
12996 18547
21429 22212
8082 19387
19481 27653
3174 26508
25752 29367
7997 10663
23748 29356
16112 17404
9549 23438
12798 28298
20114 21809
17683 19730
25799 27278
1623 24955
17181 20184
21123 27691
160 16569
28122 29311
26300 26957
13878 14719
5906 27740
19264 24204
11839 16126
14434 25788
27255 29329
13811 18779
20129 22503
12817 18994
25066 25401
10522 23465
11309 18872
19100 25408
26339 29224
3177 13404
27445 27923
16851 23504
26851 29747
682 7805
1669 10926
14406 20109
26560 27654
7134 29495
29989 29995
24469 28298
14726 21739
3441 19267
21534 27943
25336 28831
20315 26750
10621 20447
17010 21219
27230 28223
964 25615
1226 13848
2555 14000
16252 21188
11535 27778
25911 28907
7477 21848
23632 23783
24052 25459
5811 21032
20222 25997
6241 8027
25823 28357
12579 14760
26132 26929
3967 4314
1342 17931
15596 20486
8084 24038
22424 27799
991 17774
26974 27902
21746 28203
4214 15739
13987 27487
3917 17949
2898 9037
23345 23634
11289 12663
27188 29261
8724 13732
8447 15604
27421 28826
6858 24945
6886 20290
1186 8088
22101 26278
20897 28639
29182 29678
17505 22753
13521 26986
10559 19395
14307 19298
20093 28962
6663 18629
7655 26813
14696 29501
10238 18236
29351 29521
15032 24261
29012 29581
29125 29215
5067 25688
6273 8155
10011 12018
258 20911
21845 22765
8275 18925
20657 28115
19942 26703
27231 29055
17304 20323
24516 25658
13989 19649
12295 18366
2232 25304
11407 19055
5252 20910
28130 29855
14334 16925
3314 26795
854 1706
28108 29803
23328 24267
18424 18660
13568 20398
24132 24993
23468 26717
7819 22643
20365 26528
5379 9340
25879 29085
1218 3799
6787 24102
7608 12432
13955 29511
25229 27511
18365 22284
17832 25147
1033 20755
4352 20633
25324 25829
12529 20322
489 26253
23918 28695
13230 20370
1412 25552
13829 21024
16324 19102
6512 22837
887 10735
26506 29167
2262 14933
16931 23689
29373 29607
22882 26246
7407 27631
1527 15087
26581 29888
28039 29623
15898 24835
24590 27141
29961 29963
19041 20765
5379 17573
24322 28754
28569 28765
17380 18163
12595 28033
26234 28030
29158 29200
18365 18736
23500 29861
16489 22003
23326 26413
18481 19583
19671 20816
2042 2844
29007 29211
19863 26640
2700 23608
18617 22817
10035 28956
12394 20439
4898 19101
9312 14334
26194 26443
26939 27145
6188 26835
11431 19081
27489 28572
23001 29949
8648 28648
26160 27903
26653 26808
17730 26735
24525 25392
27904 29796
1246 9923
19083 24136
26049 29093
12291 29257
28569 29782
21223 24145
24425 29791
12345 27994
8818 12516
22654 26005
16702 20286
27175 28849
27056 27489
1652 4093
17231 29620
4532 8679
7139 9192
20888 28279
25203 29656
24913 25424
15991 18580
17132 18579
28179 28346
28382 29932
9435 21498
8842 18877
13422 26144
7362 24147
7182 20573
566 2627
10236 25829
10538 17273
11389 21881
15208 20204
27172 28395
28388 29097
28697 29835
28079 29963
10341 18071
21650 27361
9625 18758
22225 28143
18510 19273
8449 11641
22036 27107
15584 29111
11704 17340
29310 29971
12077 26693
19367 20229
6621 10128
22503 28801
18100 24275
6888 25572
27773 29258
15145 25563
1920 19809
15046 22749
13817 24412
4159 6423
22919 29914
8670 26876
22930 26820
9062 14647
14998 16251
2527 3904
15433 27465
8923 26007
22561 24797
26090 29798
18054 24310
8431 18069
5374 6244
2441 14472
317 17597
14174 25632
12668 17118
18849 28008
23665 26585
28608 29574
10112 24570
29776 29850
16625 20832
27028 29144
22149 27276
4469 23572
26279 29707
12127 17739
17677 22663
2431 13182
28159 29563
17183 25328
24699 28200
5434 22215
4841 5999
5400 5454
26873 27647
21209 21250
19668 23478
23023 28316
29197 29536
22899 27052
24641 29951
12641 24491
16642 21212
17538 19851
26651 27926
2222 6944
19805 20666
25080 27962
6830 22772
21529 21742
21775 27120
11379 26189
27884 28217
22800 25937
23125 27432
8043 22165
20307 21336
27133 29415
25784 27964
22998 28583
17431 28151
24055 25824
25020 26228
871 28336
26417 27630
1063 6476
4851 18728
22900 24322
1165 20473
2779 22135
16600 28999
23652 26214
1114 16484
15276 22790
27307 27500
16824 17062
5084 29456
9503 21208
12611 14746
1129 9431
29408 29439
20153 21161
29804 29873
1365 25541
2146 14354
14247 25385
2787 10552
25643 27807
17282 23111
28881 29476
27997 29855
1080 20432
29920 29969
16743 24682
8685 19926
14761 20599
17551 25861
17486 21309
3711 12200
2728 25686
4335 6271
25276 29110
13123 21250
26945 28727
23813 26337
26904 28944
27758 28953
11443 13153
10210 14044
27275 29458
29437 29706
21248 23591
20436 23465
24484 27330
10607 12383
12472 25543
9829 25231
27740 29075
13815 28404
27320 27864
23335 27392
11346 20843
8126 16395
19516 20148
24802 28793
7482 7990
16473 24385
17408 26054
5565 15890
4394 22359
19439 23180
8108 23034
24040 27693
6178 9119
8771 29518
20807 27794
3445 9747
26511 29949
15227 28389
19946 20344
16943 20983
3990 27974
3950 19887
12496 14164
23309 25095
18514 23718
15893 18070
20854 24814
12026 24489
19086 26518
25856 26227
6331 9462
14167 23674
5338 12741
13345 22634
15484 25894
14128 23258
10332 27576
16183 21463
14843 24187
13551 26559
22219 23932
13833 29723
26773 29137
5296 10551
6450 6984
18531 21555
20974 25591
12100 26223
25128 27930
27828 29093
20081 26355
13373 13618
7507 9284
13606 19320
16128 22592
10842 17109
7870 15505
10829 12169
17225 26207
550 23449
2041 23098
6582 29762
6360 19016
15687 22090
4728 11366
9183 21660
17158 22539
13589 20853
10040 12255
20692 24565
20948 29477
11486 21391
26567 26644
22487 24705
23945 24076
22417 26377
9319 26461
19603 20802
15488 22761
25806 27678
4663 18887
13411 16605
4114 19351
17197 23761
18800 22434
22647 24058
1856 21563
2883 18512
9466 10028
20689 26947
1074 2935
17992 27972
3071 22654
11437 17384
25330 26349
13767 28258
7984 20314
2992 22110
23887 26256
3371 17455
14085 26174
20688 27651
1301 1856
9477 14664
10265 18324
19547 28374
7795 21713
24849 29477
6709 28894
16323 16958
21666 23044
26034 28825
2720 23915
5114 11163
18226 20049
24196 29779
18468 27196
8768 10881
23803 27369
24827 25508
20457 22797
24535 25602
10442 21903
29778 29789
16735 28021
26522 29280
5391 22461
21185 23173
2567 12579
13025 16286
27571 29980
12913 16895
10655 15560
18264 20041
21913 28558
5332 21674
12191 21277
27928 28962
20663 24942
11649 13266
13769 21916
25071 27463
9128 11961
26918 27228
4326 7589
14271 15480
13162 21012
15480 19347
12745 22357
17749 24215
24441 24670
731 22150
17488 18857
984 5271
9217 28728
9687 20188
17673 25906
23109 27977
15752 29577
2313 2408
13286 28663
4666 21404
29945 29950
28560 29564
22367 23498
6042 27187
10211 12228
10967 11892
26941 27646
1231 13330
17018 18287
4697 15884
9935 13559
2794 6019
12844 22029
5696 7318
12204 29567
10087 15856
436 10605
26493 29295
59 29006
7770 20079
7654 13086
27601 27954
29115 29444
916 10634
17766 29904
5174 22416
4650 23620
10147 22112
24717 26013
8535 16462
12951 25686
15147 26214
3325 29229
21492 26942
16616 23111
11545 17674
1271 5471
16229 19110
11414 16904
1338 23182
6021 8619
23891 24321
9654 18212
25423 27357
18287 26494
7554 10324
28149 29370
13349 21778
13783 19786
26709 29093
23723 24289
17454 19860
7715 26310
29537 29873
23837 29724
1451 6774
22713 25883
11616 15356
16737 25826
1798 13892
11555 27721
22776 23357
13911 27976
19173 20250
11163 19308
16044 20776
18655 26381
5416 16188
25479 29138
28013 29370
25069 29801
7044 12727
14789 16405
14842 15758
8761 13969
25756 27472
12323 21988
16180 19737
2176 4688
14967 23130
11525 29483
7325 22817
7099 13647
13937 20844
24530 26506
2358 17545
508 10736
5333 27907
19131 22476
3154 16408
9449 19204
5327 29308
24015 29272
7971 28499
15378 24606
5504 26205
18697 26886
22936 25839
26302 27896
29847 29991
14852 16178
10355 11950
65 25391
29449 29880
16447 27793
485 12755
17039 23663
882 2833
16818 19734
11044 27135
195 26095
13828 18126
4586 11305
17329 29779
3620 6460
24877 26191
6953 15599
9981 24118
21564 24170
18392 24024
6475 22635
23272 24799
19213 23178
7580 19773
7501 10176
11702 20901
20521 22868
7843 17339
8049 11656
4692 17122
1189 23041
28738 29013
28611 29159
12068 12177
9609 24167
27613 28760
24800 26520
16761 27571
8722 10988
13086 16165
22748 26828
2916 17797
226 11320
5098 13652
28379 29755
739 23549
15288 18007
15042 25331
20493 25171
14673 17655
10738 28990
14112 27530
28936 29606
21425 26237
2949 26779
430 10971
3867 17780
20330 27383
10880 12302
14325 27305
9481 24895
3166 3338
7602 12748
5296 26754
2450 17279
22332 26544
20387 22202
16932 17058
13695 29163
6785 7486
25675 29279
6139 10268
4836 12682
29641 29775
12644 28225
14970 17728
15100 21588
14841 19714
17962 22570
28975 29166
19539 27782
22543 25070
7162 9117
7262 28694
12848 26976
3851 8126
284 5957
19930 28277
2644 22885
10281 17053
29302 29358
2103 27128
3786 12093
4261 21249
21334 23360
178 17342
20756 28371
19593 26809
13232 16908
13402 14177
12969 16024
20489 28369
25481 27569
11622 21844
11502 18072
18240 29661
10307 28454
29273 29537
1025 11042
20923 28869
11801 24822
6018 12348
16476 27331
29263 29657
1223 28089
14679 23855
22380 24273
3427 20387
27108 27653
22995 24470
21259 27538
12825 29587
10277 17363
5666 9517
9149 22514
18648 23527
13154 24252
13533 18155
986 13031
17238 28539
1313 28816
16632 18808
19122 19389
28926 28935
20275 27604
29625 29731
18175 24449
26966 27247
20078 28087
19870 21826
10308 15078
3294 20462
4220 25892
10123 29771
29772 29806
27122 27815
16823 24764
1232 13695
12569 21419
24314 27170
4585 18114
12279 27310
16536 26708
13610 19672
27843 28319
5638 16157
23882 24240
12135 24755
19342 25437
9812 29418
24543 26982
22171 22706
14742 18659
23599 25225
18607 26904
16147 22899
9851 15373
23096 28537
4665 14243
9087 29701
14132 25807
7685 15755
26301 26381
14497 15507
6044 12032
21990 24115
29694 29890
29268 29575
14382 23699
22762 23656
9970 20637
16730 24610
24457 27177
9305 13910
19256 20236
12273 17487
13656 20568
7407 19254
14085 17486
17677 21504
25645 28307
13251 24000
12539 14722
25024 28764
5583 22294
19745 27553
11531 16894
23763 25984
7770 8199
11954 13137
13886 15800
25852 28342
7254 25020
23652 26915
779 23188
19253 29416
9490 28719
7664 16654
12240 29272
19680 28626
21734 25600
1005 20546
715 13636
7401 28809
16033 28040
23934 24421
5423 25262
25467 28102
828 26713
14728 20311
28020 28867
9239 17039
21440 24498
1084 2908
24233 27492
19510 25901
15328 15686
29527 29567
23413 23617
9704 28005
13453 21878
5731 22904
8240 15643
28251 29864
16272 18829
21677 22469
18521 29281
6913 12628
27842 28626
22219 24591
22437 26620
17158 23395
15723 21822
16032 27354
7753 22217
25299 26716
9104 12968
21185 24638
4851 20891
26688 28664
6187 6386
7205 25656
29195 29506
11372 20003
18134 29132
14708 28750
6057 8976
24185 25518
2730 8687
29300 29405
24714 29505
8923 24183
24617 29128
13423 14265
1149 7671
23542 29440
4889 20891
19284 20606
6929 29730
25808 28614
9183 28014
26903 27186
17023 29572
27514 27579
26882 29517
23890 29237
17679 24201
23138 28869
26260 28680
18707 27667
3710 23327
26192 27632
2670 20528
14232 25800
20512 26914
1318 10453
13507 19555
16580 26466
27267 29921
9015 23666
8924 14693
2287 13673
27739 29294
20874 20924
11557 18398
18383 23717
28987 29489
8524 21281
7004 11468
14464 28117
8746 13520
26520 28675
10742 24407
10746 16921
15991 28487
7860 27307
3068 10547
15779 16188
29544 29652
25068 29708
18034 18292
12485 23515
21925 28306
4786 25782
8504 15525
7252 26878
18436 28236
24189 24317
23296 24743
4631 29146
2441 14136
26389 27916
22564 23585
10488 16139
2668 23309
20432 21785
10474 17064
24614 24927
15020 26722
23444 28904
23264 24974
9125 19755
16123 20170
9205 9540
14882 25167
14174 16769
10693 18773
2511 13882
6939 8334
13496 28578
20924 23369
5281 21584
12655 22604
4990 10309
25094 29826
4521 8832
5018 9646
18819 26564
6814 19543
19758 27320
15636 23519
26304 28617
14378 16625
1929 25933
24698 26764
8341 10746
10655 29817
7773 15476
4569 15306
2412 23463
24515 28997
20395 27742
22621 23170
23103 27124
5296 20125
1739 27876
17596 21543
14410 25347
7860 23137
13589 27503
6179 15761
12686 28818
8700 14729
19707 28831
27030 27056
25846 27539
10571 23362
13571 21951
4478 27591
8805 14918
29959 29990
25744 26115
7797 8336
9926 27302
8405 16139
1702 15842
27184 28704
15465 19823
8583 10658
28206 28702
26340 28941
21090 28141
2638 20971
4073 29927
1143 15404
17437 26427
21539 25075
14482 21425
2010 27587
732 7018
20823 25686
24326 25402
12192 21617
23626 28203
3826 25036
12146 27132
9071 26672
4129 15483
5729 20526
19638 29394
28186 28928
11210 12764
18167 19782
29473 29599
14010 14817
9061 9487
19712 24402
29763 29855
10179 18945
28995 29583
12839 27437
10931 29451
26004 29946
27192 27377
25588 27629
472 7369
25041 29404
29571 29945
3654 18153
20733 28174
10992 20213
13659 18762
3651 14718
18881 22378
25776 25910
1812 11073
13650 14095
3613 20896
13314 28723
3324 21130
19684 26874
9488 20501
7165 9704
25510 25955
19277 21187
14540 20028
4771 28547
25624 26539
23309 28228
18396 20135
23048 29810
20768 25226
8095 11321
2813 19019
15585 19825
12616 17704
10218 27377
29107 29673
9136 12651
14798 24085
2627 19137
27207 29395
18837 19398
25585 26616
22872 25666
2073 23985
708 6726
6281 25410
27820 29992
4237 28367
29255 29869
21766 26820
21100 25022
19702 25983
29579 29656
21483 28557
27298 28109
20296 28770
25610 28610
22793 23994
18228 18845
4471 27532
22009 24655
29523 29621
23421 29478
15067 23222
29804 29850
20633 25434
15468 23571
29819 29842
10076 15756
9629 16627
10706 12291
1323 18814
21349 28206
20312 25935
4969 24141
3180 5931
29682 29725
952 16310
27782 29002
13949 15261
29607 29886
17157 23230
24483 24836
10834 24581
19205 27587
24976 26597
23403 28365
25739 29119
13413 25824
17376 21772
16376 24296
1267 18506
27524 28099
23942 26639
23549 26803
13910 28216
558 1742
24294 24940
6059 18912
17645 24215
6981 16346
8061 27212
4603 14359
20390 20831
2140 2873
23710 26664
17791 20218
25056 25429
14790 26241
27594 28746
18757 22713
7017 13675
19162 22664
9788 19275
27477 28384
4528 16553
4688 26942
6999 21331
27306 29569
12931 16877
24677 29598
20160 21466
22659 25499
12251 19182
19819 23128
19398 26924
6453 26189
17467 24052
14827 24748
2082 10243
3325 12057
11997 15468
6462 28820
14528 16104
13326 24550
29574 29729
28248 28780
3895 27882
27796 28850
28842 28905
13815 29544
2055 20288
4614 24889
12310 20981
16205 24197
26578 29618
6714 16069
3288 7962
25022 25776
11746 28125
25619 28330
28168 28959
11192 11831
12480 27804
22921 26633
5797 18458
4942 11227
18563 28204
25467 27321
20392 29005
19533 28958
16757 27843
23180 26562
3980 23120
14045 22492
14750 21107
29284 29595
19610 21850
19655 22559
3274 25507
3157 27113
26777 27652
354 29263
8318 10058
28615 29524
10944 17480
17341 25936
26070 26397
24450 29807
19377 22659
6202 21935
14537 24328
26249 28983
9558 15568
11183 20357
20388 22568
2155 27997
27966 28112
14632 14769
17873 22070
10096 11014
18909 19118
4877 19210
1356 22482
5082 28494
22613 26300
26375 27903
19492 20468
20933 22988
19626 19831
15498 21957
10605 12888
12925 14145
23333 27664
17432 26763
14607 16056
22427 23878
24777 27121
14182 22256
27922 28860
28447 29034
23575 24339
6428 14001
13793 24806
5537 13263
29461 29631
24762 28209
3761 17441
8705 24346
5838 8450
21814 25667
17532 23745
20778 28273
18831 20512
27071 28303
28913 29182
3281 22181
28458 29349
12944 26770
12908 13339
2941 11550
21281 29955
7883 23511
17874 26978
28450 29777
2847 21888
3114 16079
12497 24164
1822 6018
25509 27529
16614 29757
5608 15359
17991 18592
7113 15061
8339 21610
5906 29317
16642 29079
6479 29694
5688 18770
27867 29146
13716 18615
24679 29741
12374 21114
2539 13944
2152 25662
21921 21996
17374 17937
5939 21665
22921 25433
11593 18794
14910 20230
11713 25735
2995 18295
23905 23942
20375 24017
14123 22236
18709 23197
21242 21907
16021 24930
14471 26931
9892 12303
22766 28422
24495 26180
854 2390
10173 18115
22674 23508
15151 27447
13120 29353
28846 29519
10737 26869
9861 25725
24043 24227
22497 29769
22599 29729
12924 20824
9105 11535
17786 27905
26446 27405
23184 27239
15878 29653
23244 27458
18511 20181
5746 20853
29853 29875
7449 16453
25682 27273
8936 21197
11078 24973
25553 29995
22467 23325
15320 22164
19723 21135
24197 29587
18748 23576
10069 26730
14062 24793
11448 21664
8574 25485
25605 25813
4776 26219
25077 26065
25065 25752
2889 14771
7039 15070
13333 16522
6646 17592
14892 19575
11470 24107
13307 26311
24401 25747
24330 29003
24692 29922
12918 15840
23104 23697
27249 28193
12816 18404
12553 17641
17985 27833
27679 28034
6068 20239
8970 22459
25806 29756
9927 11719
26261 26441
21759 22791
28833 29965
18570 23397
17740 27103
10120 24392
8017 9667
13676 21062
19252 24145
23978 25418
6532 14443
6180 16354
23567 28739
15573 27854
21607 23085
21611 22032
18804 26692
12272 19397
10183 10422
29605 29713
20030 26226
11309 23034
1509 10650
13485 22087
9237 15743
430 12863
14427 18572
7966 23862
20381 22487
16666 20416
6393 21760
14105 20204
7864 27872
21440 26928
15763 17348
27622 29622
28756 29509
3886 12694
26040 26373
7761 27596
14760 24122
6994 29618
17632 19015
11984 16330
15687 19597
23505 28508
19590 21817
6279 24874
22159 29051
24008 28694
769 18579
8382 21215
25727 29018
5658 27545
29055 29463
13897 21585
16644 22303
22919 25856
3819 5048
27426 28393
9122 13155
28608 29622
19016 23146
18317 22371
19270 23197
28495 29622
9564 19106
1278 21277
2730 28404
12732 28460
9189 17824
27768 27803
24106 27309
7643 26899
3056 15602
8462 10037
25943 27846
1142 6063
4402 16829
17488 25604
13397 24095
18511 22631
8747 10202
6088 15788
7807 24669
616 6209
29188 29526
7792 13671
14028 22874
19440 21648
22236 26877
23886 29494
17584 18306
5578 19184
1412 7581
27962 29023
221 11107
14151 16086
23764 24035
11385 25771
16033 21621
6944 22878
18333 20450
5486 16458
26391 26667
3265 28474
23715 26514
14031 29413
13577 23993
837 4393
9932 25004
90 23237
18915 21771
19924 28013
19686 23093
25575 28689
565 9657
23849 26409
26241 28664
9883 15706
22909 27889
9048 12386
23648 24825
4987 26532
13289 14388
16803 26528
11425 17386
5819 10984
7367 16366
17899 18233
20293 21675
5197 25094
24333 24440
28797 29019
13087 15427
15312 23980
28157 28566
996 14340
10965 26565
24104 29373
12260 15252
24180 25529
25672 26075
20056 27619
29403 29936
12821 26318
4860 5117
28812 29743
24994 25449
99 23667
8976 23758
9896 25776
12518 25989
12506 25536
18012 29936
27300 29614
21193 23511
13269 24946
18363 25218
22616 24401
106 11800
24843 29336
22866 27082
20271 24575
13218 14326
22656 23912
367 6185
18994 25112
12763 19702
10776 28536
15984 25238
13850 18443
27469 28744
27167 28695
15405 23814
11549 15744
5629 26426
18329 21146
3312 13640
20250 26274
23993 25791
27682 28693
181 11355
5318 8620
10830 11880
11882 18450
7487 27307
12025 14164
5797 22012
7381 22465
2095 17297
21742 27121
15755 18282
5131 6831
4851 29388
24366 26978
27224 28668
12221 22603
4842 6517
4399 11313
8526 26150
28147 28431
3515 19547
19222 27923
5180 18614
12741 14147
21345 26351
14643 23279
12101 22335
23794 25802
3833 5258
9683 21290
11880 13654
20389 25747
28861 29616
10758 16785
5482 24725
3719 12041
8813 28826
13040 18438
8522 12542
15574 25545
19660 20156
9755 13753
20449 24191
20662 26771
15367 20257
14591 14956
8635 20579
19199 22048
21310 28538
22330 24153
28617 28827
5867 24691
25814 29286
27159 29643
21846 28835
25188 28410
14696 26347
16450 21976
13434 17024
10166 23018
2121 22350
20821 23112
19564 24577
3123 26413
22295 26505
72 24533
5560 21190
25304 27418
16378 21987
9702 19904
29379 29880
11442 16988
10500 11202
762 1459
23279 26015
19708 21148
15568 19161
2833 3902
16659 24568
15508 26289
22270 24857
26940 28190
21945 22603
16991 26756
29959 29968
28392 29157
10926 14640
13789 16104
6801 12557
5886 21872
13932 29086
21809 25622
919 16287
336 23580
5949 19319
9658 23330
5124 14412
11257 12618
20492 21236
14283 24861
28671 28815
3921 12522
28243 29840
15151 28946
17164 22897
27148 28573
16170 19556
21745 22311
16014 24609
12461 12829
13588 22808
19538 19930
29494 29872
17948 24541
11284 24404
1112 7865
12321 17747
3750 27380
26719 27277
3980 10706
25016 26350
17986 22065
7604 8202
23188 25998
7441 21345
22712 27905
27443 27898
14519 26119
21916 24071
980 1683
25962 27086
23215 28748
11324 17905
14154 21872
3274 20261
6573 11422
22841 24080
7109 21784
19015 19476
20106 24666
22995 24809
1599 14918
15014 15167
18570 20212
11480 25784
24406 26816
18799 22893
16276 17584
10558 28766
19767 27011
27041 28776
14464 23645
4532 8383
27142 27308
20431 23362
15292 25627
11747 20427
24595 26161
8552 25479
16518 24383
9704 11076
3852 5052
8144 13895
12380 25567
12967 28650
17300 18470
13418 13844
17416 22693
10560 24036
6551 18989
20856 29295
23312 25038
22161 22383
25175 29546
15105 24992
26545 27267
25584 29992
16177 25457
4814 24681
18906 24966
2345 14938
19076 24189
15070 24261
1011 17427
20038 28325
15348 22848
4906 10340
6180 24101
2582 9323
13704 17754
20764 22758
1572 24334
28813 29646
14952 16734
15237 28552
5553 18825
28990 29564
4019 8188
3472 9234
17511 19565
23510 23605
13640 18989
29366 29526
28835 29640
7577 8083
13417 27920
17690 26174
2716 12934
10612 27567
27996 28114
14959 22291
20069 22777
23967 24252
10193 12383
5155 16213
28643 29902
16032 18582
24224 29139
7456 26855
26932 28715
6797 9317
13628 29910
20368 21190
22860 29590
12677 14921
29353 29620
23296 25865
22831 29223
20652 29729
3805 10215
10307 11765
29770 29922
15710 24681
15156 20420
16939 16979
10978 27935
9875 22710
11707 13756
24937 25978
20278 28668
11589 25002
21138 29090
26192 29401
5419 19498
28425 29180
29296 29890
363 25365
22694 27995
9653 26717
21477 22007
8543 15054
20355 25242
10410 15330
11773 19736
8137 25418
13007 13989
22030 29463
3211 6884
7010 21699
18111 21009
19229 19732
18938 22745
2797 4399
23763 27502
29298 29313
5665 12963
3955 9008
12638 26554
17648 28457
9880 21451
731 5091
7500 27253
27663 29656
24488 24733
17718 26666
6543 26306
34 28053
24762 27726
25138 25373
25435 28713
13762 15575
14975 29977
5809 15339
25821 29932
23029 29910
7351 14651
16349 25824
28967 29474
28590 29499
21140 24664
19358 21812
14017 24438
16820 18088
11229 27411
22317 28546
11412 27739
136 15737
11229 21425
14093 14144
17914 25529
10688 13073
29479 29958
657 14275
17153 18059
2108 28755
15458 24169
2920 24403
4182 28961
2813 10914
7128 10910
24667 25232
12400 27836
9699 28101
1270 16726
19425 23134
1599 11050
20428 25276
4885 7664
8928 9460
20916 21679
23319 24105
25410 29474
24764 29552
23319 29443
29724 29965
3152 6502
7715 24068
7471 21645
14763 27341
271 12626
11566 11950
13366 17828
3702 10834
17548 17685
22794 27305
29345 29576
11904 16572
4689 9261
14101 21767
6165 18671
23427 23571
16493 17532
19605 28105
8265 25689
22717 26286
4491 28738
18767 20179
22717 22814
22536 23888
3737 3869
25323 26479
1526 29120
9774 20195
27670 27909
17918 21752
5978 6561
22421 28269
10177 27460
28238 29333
6098 28557
20221 20700
68 15724
8664 23521
29356 29443
10748 17911
17372 26857
15 6534
4161 14687
26381 28272
5509 10270
23748 29902
26221 26707
26407 26581
21190 23170
23524 27244
29747 29769
8419 18841
26835 29194
15910 28767
13522 28111
11625 23089
15873 25518
22320 29446
21037 27999
2632 29787
5656 27859
14588 24977
1145 28196
26656 26957
16652 21238
3886 22630
3570 20558
15259 19425
22161 25566
1498 4107
1152 16356
7014 24375
22352 24500
26254 26864
4644 20143
765 26462
24269 27292
12208 22459
4589 16769
20815 28521
13481 14414
6721 23667
16328 20723
19030 24795
2255 16874
12300 14379
19689 26930
6146 18715
18832 21781
24463 24511
16052 19427
24211 26928
9618 17388
20430 22734
9331 18273
29060 29715
917 1192
21554 26703
14966 24078
19338 29287
8543 26615
24947 27441
9518 29413
18197 25046
14105 17019
20475 23124
12862 14219
9972 15709
17308 22614
19399 28694
3682 21004
2871 8103
25763 27580
18447 20064
19150 23435
25000 25565
689 15530
25522 29555
26444 29872
26466 29801
11435 17841
22769 25590
8284 8336
26317 29043
24327 29596
9023 9823
2300 8302
4681 21670
16826 23420
17856 29390
20985 23399
10406 25728
20098 28008
26524 28293
24464 26068
11748 25437
5200 11185
4720 21588
29175 29536
8392 28697
23821 29444
10074 26457
2162 12951
19688 19762
10361 22435
12715 25563
21025 27478
19935 28813
22302 23647
15233 28396
16375 19422
8348 25539
25113 26038
27965 28883
26790 27728
29135 29261
18002 24733
25056 25110
12700 14855
1050 19004
2959 9297
15052 28741
8886 15891
29566 29669
5595 20462
28709 28871
23507 27766
23539 28201
26333 27607
13166 29642
4655 4714
4809 23370
1988 8316
24639 27024
22281 23144
21054 21974
9266 22647
9103 18014
23549 25204
14831 18204
26198 27912
12833 25780
27045 29680
20880 24075
2131 23120
19379 29376
14231 25835
10606 25766
7071 15125
785 10973
24511 26657
28135 29506
10620 17564
28495 28663
26921 27828
26855 28417
6803 13598
3320 15501
323 12668
29027 29236
20444 29986
21758 24423
17424 27770
16255 20437
8476 27278
15208 23046
3147 19607
10612 11494
5991 25231
8966 17085
28818 29118
13560 25870
2541 27833
6555 9245
10326 27867
12916 26484
22952 26755
20345 27619
19730 29763
20716 23181
24566 28166
17294 29493
21285 29726
27245 29586
29171 29422
1420 15039
13576 28574
29960 29979
12981 22986
27380 28454
3374 17035
9982 20420
10844 11279
7043 21333
27719 28676
21716 28959
26311 28020
24654 27323
11050 17769
16011 18135
24764 28208
21698 26552
1786 5580
25591 26452
4508 9764
7223 28546
20915 23196
9823 17999
18972 23509
17090 20362
17854 24445
27768 29530
22760 29529
29234 29746
14381 15730
23166 23266
12709 17389
194 25440
10250 21556
2249 9102
27078 28358
21549 22531
2156 17411
4735 25431
12021 15437
18172 25447
20842 26576
7164 23887
2077 17524
10948 11959
25626 25828
14765 17164
20391 25166
15815 23301
4927 21627
10003 18402
18179 25076
15915 18880
466 26280
16729 20886
11923 25615
28543 29072
7926 20080
258 6167
16437 27243
19211 22820
29705 29990
16182 21948
19182 26391
26710 29192
13283 28597
14826 21707
15080 16409
3851 20150
2059 3152
29653 29823
5759 27545
8579 25889
2022 2480
20648 23373
502 17340
8683 22011
13009 22867
20606 22401
14336 18737
17719 29413
13408 15180
20744 24536
18699 28292
16612 20887
21350 24495
7071 12615
17091 21784
10294 20490
26161 27637
24769 25612
5017 21866
15007 21354
9180 25335
17832 23330
15514 18942
25561 28471
2332 25704
25931 26890
14120 14324
16411 29975
14507 25274
7139 10452
3615 17882
24668 28684
17006 24954
21867 27054
17131 23926
19369 27679
15394 17719
16636 28327
26388 26614
7377 18157
20040 24246
22170 26253
614 14488
6290 7097
10727 26599
17470 27932
26390 28849
2286 15564
20227 26285
7316 19556
9532 21003
21569 28730
9745 12291
1944 3914
26743 28332
425 14495
9463 26232
9937 26596
7854 11468
13973 16123
16322 19388
6370 21792
25850 25947
16542 24248
19998 29187
14957 16209
6157 22236
4981 17506
18440 26913
10513 28443
18959 27256
6033 12924
3177 3596
24821 25849
17161 28314
16931 27846
24938 29513
11900 23898
15624 28332
11122 25328
26591 27818
25280 29069
23902 23968
3067 22972
3797 10907
7507 21395
25189 29518
764 29081
13642 27803
6059 19821
11635 23809
23097 28838
7711 19724
15918 20524
22228 28911
23510 25382
18330 22393
26569 28025
24534 26272
28141 28725
3555 21784
172 1175
9131 21906
15389 28420
29082 29265
9956 21706
8099 26034
23047 27006
28735 29673
6177 25754
21709 27274
18286 23081
6979 22976
18079 23679
9559 22304
17809 25001
24006 27251
4574 9074
20431 20576
23040 27320
4310 24237
17325 20005
4135 21459
10944 24974
8336 17134
24426 27250
4781 22270
5233 24164
19428 23921
21475 23549
24287 26375
14889 25975
18955 21141
10184 21579
17169 27380
24067 24717
29743 29967
16038 18692
28835 29578
20277 28725
6345 9205
29338 29523
15160 25652
20707 21480
17318 17483
8893 11677
4958 7830
5555 7634
10246 26033
10620 16127
5215 28959
28421 29044
6276 16634
29806 29819
29977 29988
25034 26936
25942 26165
18904 24341
2240 14097
29879 29991
25057 26729
6280 13013
4054 7654
13769 27201
3038 23982
17964 21055
3609 12516
4411 7309
9241 27422
23565 23615
29631 29853
15698 22168
29386 29843
3740 4515
22238 27921
5733 7373
23651 28847
12209 27856
12491 27272
26141 29730
567 27719
26042 28012
2195 11163
3975 29203
12266 27521
23681 29542
25551 26806
22269 26510
10185 20000
4464 7305
26779 29919
25505 28642
2966 3295
8206 15341
26639 26938
21830 25767
12921 24872
19131 19955
11339 19968
28457 28748
29379 29880
13846 26429
4231 27735
9419 25418
9844 24782
6164 9993
12020 13642
12914 28283
3480 8679
16791 28210
29539 29636
27621 29124
23129 23648
11864 12478
2734 4381
18208 22498
2783 29961
23132 28877
9530 10206
11905 13672
25722 27194
17932 20994
14425 15400
3905 12142
2779 4139
20242 29044
29469 29488
2669 23086
13357 26832
27227 28113
148 1909
13759 24061
24795 28159
1047 3069
21580 25961
9712 22016
24717 29999
26827 28038
26506 28420
1544 18506
15328 22125
7494 26562
29222 29815
14903 19646
25593 25726
14365 29780
21166 25124
8672 15794
24864 27599
657 18707
14271 27760
19092 20885
1383 29053
10161 16715
25496 28014
29500 29698
20581 26961
25572 27604
22206 23231
3347 23545
26996 29811
6616 22070
25489 28280
22390 29198
29009 29124
14883 23206
6082 24402
14692 20553
910 12321
29491 29989
10157 29536
23241 28581
11594 28629
9230 20843
2788 10436
25860 29168
29016 29366
21459 28785
26087 27079
22026 23516
15060 24531
2261 27958
7472 20248
7551 23892
9848 16881
22125 23603
1162 22367
5270 17575
1170 13327
8937 29399
17378 22833
3606 25856
5159 5497
289 19992
29476 29638
5915 20437
6373 24104
14644 15854
19861 21414
19184 19273
29425 29712
28953 29548
24783 24811
7467 27292
4067 12455
19578 29492
16689 19079
21866 23188
26033 29878
1408 21511
20629 23240
19332 28899
3305 23623
23216 24477
12081 21830
11074 12408
29487 29530
20372 27368
16564 21972
22432 28610
5093 13900
28452 28862
18090 23481
21622 27775
28425 29237
23647 25982
20596 26999
5306 28775
15109 29994
4520 7441
26065 28314
22470 27685
11611 27547
9964 18574
6888 8784
2244 16058
14183 22304
2714 8478
22166 28191
2089 13298
5245 19461
9987 12835
26426 28208
24125 29311
17120 29118
5400 5522
3985 27397
9163 17347
8650 25698
26910 29672
9696 26849
26135 27572
16946 26316
29389 29774
5058 25102
26771 29060
7408 19841
29483 29829
24868 26555
17544 19863
27194 29190
6954 21060
8881 19093
13852 21478
20719 24327
1234 8827
17270 21255
18270 21659
28151 29299
6217 8476
8553 21958
26374 27840
25507 29306
28914 29808
19766 23880
13248 16276
8731 26121
24945 28011
27878 28651
26321 26597
3112 18091
14082 23191
11258 23683
18236 19298
22834 23549
29057 29181
12200 28704
17983 18746
19580 29358
12277 28627
20993 23190
4723 6794
15154 26752
26413 27407
2886 28166
4409 7721
27579 29252
20336 22349
20262 29202
12607 29372
27680 28227
16031 26479
13891 27692
3255 22294
13563 14173
4967 19973
3857 4191
24747 28766
4977 18698
15150 16205
417 26085
12674 23123
14869 27889
20687 26510
11866 25372
23068 26128
24067 27063
1488 21231
19870 22955
22396 26814
24213 28584
9352 27499
28101 28107
134 22641
16500 28522
6831 16504
7579 18017
15096 20277
17938 27374
7628 11347
8664 24664
4532 10068
4646 13552
26504 27849
10582 20077
17104 19236
20449 22313
29436 29986
2175 25557
10706 20146
29542 29656
11233 29679
17889 19570
27203 29290
6440 20202
12597 25734
260 9120
22993 23786
21904 26961
13167 14037
22126 22960
4375 23607
18011 26964
17050 28622
24152 26685
1961 8632
16623 17669
28833 29436
15402 20786
23125 23550
23521 26718
26167 27570
4927 24538
28441 29517
4913 23418
9356 20596
25806 27278
1906 23038
12538 24296
18798 21415
3061 13178
18763 22630
2089 19096
9863 23230
615 19128
820 8564
11154 25791
14938 25596
22143 24313
13926 25054
1851 12693
19473 28511
356 755
21374 24285
9607 12332
18867 29650
20861 28944
11526 24082
9237 21479
17306 26778
2698 10280
10887 19071
9896 21923
6488 13666
22445 23800
28644 28984
20222 24635
10371 26710
26607 27694
20877 27554
305 29269
2209 15824
24036 28969
1704 5656
13159 28135
3223 27552
24662 28400
1068 18313
7218 23558
29748 29953
17613 25871
17677 21316
25248 28232
16638 26202
22892 29812
12702 22326
23810 26481
11917 28782
4262 13933
9452 17836
776 28279
17831 27151
39 26607
1221 20367
25231 27829
27167 28572
373 6468
24278 25852
4068 20193
26379 27597
3518 12123
11762 27538
886 5932
12587 22592
7407 16353
2030 3708
19875 27911
27167 27204
8454 19536
18719 22567
9724 28813
17383 26087
8414 9747
23444 24989
4470 17523
10974 15945
24086 25325
3558 28614
29301 29571
8417 28662
4827 25294
6856 9159
7181 25264
21985 25590
25069 29534
388 2489
2468 22419
11699 13753
14655 29417
10949 16507
18284 28625
18905 29435
21531 26745
5710 9591
9291 27598
19238 25689
5154 13709
21237 23491
19924 24404
39 19055
7074 17241
10160 24946
1482 22711
6002 9186
23344 28926
9051 23280
19528 29104
21002 25060
29133 29982
29360 29520
15503 22752
11772 20201
24201 29687
27489 29268
15939 29419
25633 27773
6496 22819
439 13596
20164 24667
13647 23696
29240 29413
9270 25766
429 16200
7748 23894
642 29182
20844 22457
29560 29997
2981 16035
21736 26812
24243 26745
13422 28415
3916 23661
25169 29026
14163 28593
4720 24232
19100 21372
8454 26468
19426 27923
17197 23848
29866 29936
23109 25420
29328 29431
28234 28305
16152 26963
26414 29456
8739 21472
14278 25468
25844 26176
26500 29123
16608 19595
3761 22565
3804 21239
23924 29178
1839 22896
3222 15218
29028 29409
18341 29294
5614 26824
21352 24228
20105 27353
29013 29316
6030 25678
29855 29857
11984 13696
3751 23323
13124 13338
19076 28181
5017 15956
6945 18194
1552 5028
7522 24379
13454 25524
11239 24306
25227 26238
27313 29301
20721 22589
26601 26886
13215 25032
6612 8108
16635 20698
9001 15420
19180 27142
1402 28403
24627 28828
18355 20396
655 14961
17973 25876
3391 10518
7616 8125
10169 14941
28091 29607
11843 16620
13901 28804
15571 18099
26919 27317
122 23604
26439 29979
4396 7091
15503 19283
18002 21777
5843 24013
29146 29160
20853 24880
14119 19506
24380 29967
22466 29653
29249 29467
1045 4716
6722 11464
21275 22721
6247 21271
9602 10158
22926 27759
9666 9875
18208 23554
21077 25486
2748 11663
4884 24734
17137 26328
9033 12899
2320 9198
19371 26427
4242 9478
13919 29100
3237 12437
23220 29940
3427 21152
10199 14455
8394 26471
29148 29432
17790 18228
2453 15069
13426 18010
22623 23120
25782 26988
29879 29933
4976 7094
8916 9089
29856 29916
23677 28527
1653 23315
16417 20580
15816 16408
9260 13063
1326 13385
5365 16137
18920 23413
18354 19386
21692 25371
28876 29949
8586 26150
17584 23143
10104 11215
24010 28315
10019 22431
20704 25963
28703 29995
3046 21988
8413 16365
16082 25070
15493 26624
3732 3970
29512 29851
11521 23335
8178 14487
20389 20967
10350 14435
25905 29548
18680 27235
28913 28988
16169 26332
14974 25247
9927 11517
25767 28019
11123 14951
17138 17819
5250 13052
10673 13803
19580 23591
25098 28905
7950 17536
26648 27853
6375 14588
2464 4989
29715 29742
15421 17710
18659 29816
12480 29039
6841 8077
17293 18336
27650 28463
6387 29701
15075 29766
13116 17311
605 2361
21093 29166
29144 29800
21820 22256
28655 29140
5232 20570
17252 18508
1390 19650
786 18493
7664 26203
5365 18812
29860 29950
17904 18815
826 9139
28711 29382
8199 20363
9371 14277
22865 24146
3426 23009
23933 24274
20426 23029
9145 13146
5702 13482
12742 13469
15845 23406
20457 21197
2443 24705
3877 14423
17609 26827
14637 25643
7030 21539
11889 24624
15897 23831
28454 29580
24875 25862
27282 27910
21887 23911
1853 12994
24606 29364
18798 25240
17178 21100
18274 26187
26194 27681
25951 27852
15202 24958
10690 12955
920 4000
2946 7974
7700 9721
10856 15164
18263 26697
17043 21439
5211 5476
8747 22079
18695 20391
17011 20514
3004 27087
1211 27088
28374 28723
17237 21653
24302 26647
6688 14443
20734 22310
14654 26566
28018 29101
20224 29563
28897 29225
15024 23739
26505 28547
19938 29400
27632 29482
3397 8942
3961 27260
26191 28616
18796 26683
21059 29081
29196 29440
10446 15640
28311 28979
18775 20722
12719 15112
9138 27036
8627 18142
9261 13293
928 8716
11927 18911
29091 29348
25332 29652
10942 29552
25598 26703
26457 29231
19648 23045
6536 24910
7188 27643
24128 26194
12435 15797
28614 28803
18835 20017
10369 18013
22434 28945
27221 27787
11170 27770
26005 28481
12566 13811
27934 28552
23901 29552
17028 17453
11090 22558
15297 29420
26439 29400
26201 26533
25817 29352
4767 12726
8641 20276
20855 26019
1582 6862
25902 28811
2805 11334
26765 27448
7200 12657
29917 29985
20280 23597
28404 29564
23637 26019
29333 29841
3538 14933
7458 20234
816 28777
1850 21357
3074 5169
14541 19378
20757 21717
28860 29153
13825 25428
13295 24601
3097 13769
7382 14597
19368 24593
18624 29540
21993 28606
18767 26314
20864 25507
15099 29724
4289 15076
13830 14539
20411 29061
6647 24109
18927 20879
18181 24331
16236 24518
97 6449
27356 27898
12980 14946
12494 21978
12600 17427
20937 24882
29760 29871
4719 21021
6578 8399
7168 15230
20645 21051
15973 19516
21662 27991
17585 20539
23343 24340
3557 8596
10628 25156
15342 17540
26137 27718
21063 28178
13174 23241
20040 27844
2940 3073
15453 16868
13665 17123
8062 25145
3814 6571
4341 29934
1903 9331
29310 29713
11128 27186
14830 17035
20998 28184
9744 13068
23858 24946
9469 26811
8255 16053
7032 16920
8055 15444
2830 7947
25015 29671
2112 2418
21610 26896
11364 22206
27309 27444
20076 21754
24417 26868
6062 13644
19766 29915
18957 29860
18169 19939
15740 17752
13170 19925
25511 27240
22246 24677
15374 29733
7374 22164
11304 23720
6925 24442
12576 17156
21322 24600
25288 28460
18153 28148
9071 19627
2531 11489
5134 5552
893 3257
11142 23077
15955 20477
7019 11441
25074 29239
26364 27433
8439 24276
6031 28767
5238 24028
5727 19427
22531 28153
1210 1668
5073 11740
29408 29644
21898 28179
27331 29083
24832 26928
8377 29487
25389 28725
8365 11382
22178 29185
8858 11633
5565 16893
10624 26812
10221 28891
19921 28036
22906 25517
27738 29804
17050 17759
28024 29366
5785 9901
12385 12999
27259 29343
6015 8632
13089 14041
19210 29716
8437 14159
17928 21638
28749 29517
2519 25683
6485 8277
332 17001
16268 18033
19929 24030
9502 13921
21105 29604
2721 12838
28423 29124
14037 16550
24261 29875
18785 23107
24833 26442
9777 21700
3737 5167
19381 24867
4166 19313
29563 29623
18221 27429
25815 29116
3232 4808
2525 23387
4669 14682
4485 9038
342 19369
20621 27201
16683 29273
4947 25969
23457 23601
27677 28066
25980 29853
21165 23298
22862 27702
2253 18117
3695 5192
24682 26683
5294 20752
4430 20206
24906 25007
1214 10192
15384 26684
28029 28923
18698 24182
7010 20726
21354 28141
4980 12128
20371 22136
4998 10983
2871 26350
29434 29596
2492 16997
4038 28888
24281 27623
17520 22084
4661 12545
26223 28440
27912 28289
19924 21361
5582 22755
23713 27320
669 26092
9627 23404
29212 29412
23159 27396
7339 28953
16358 29227
27677 29157
7865 9006
3878 14121
25290 29473
16479 26890
26009 29103
25679 26173
29910 29911
8478 21402
10394 15621
3323 7048
23365 28248
26617 28732
1832 9323
7471 26382
7151 12678
5880 7309
16502 24051
14707 17595
22093 23964
24809 25370
14830 17342
10478 12069
16866 17726
15143 15475
18728 25496
14566 24537
12192 20202
28387 29296
26582 28191
9739 17796
25033 28277
27044 27641
10250 24748
27107 27381
307 1411
22089 23730
13794 26709
5015 14689
12003 12383
29586 29916
5114 20797
17989 21996
11834 14225
21592 25202
5203 22981
27412 29511
5598 17490
5035 16599
24361 28459
12228 24556
27185 27210
24283 29387
27563 29173
18083 23034
10222 13642
22128 25239
19031 29904
17871 29249
19427 23641
13796 27979
29854 29988
23229 24398
10407 21951
26393 28854
20573 26808
28908 29255
11858 27152
757 6109
22841 26071
28945 29725
23011 28619
17193 24527
14157 29150
26403 28110
5676 24071
6355 7677
22398 28875
28037 29376
434 20288
2719 28597
20419 23111
29463 29714
3526 16375
8832 27117
11450 14728
2939 4380
6077 22383
20290 27946
16413 24827
28525 28726
26689 28176
9143 29772
9842 20594
24835 29102
10764 11454
21495 23276
2026 4848
27895 28309
27153 27964
25433 29475
7859 20544
7620 25343
22687 28510
28200 29302
24306 28015
22415 25459
22272 29061
1488 17342
7184 29601
20883 26023
14465 23919
8482 26581
7528 10574
6071 26456
1387 8856
1394 20180
3469 8346
11763 15223
654 10036
16222 26091
22390 28925
28450 29740
2200 17671
20143 28954
17960 25609
25659 28752
16968 23456
26596 28628
12680 13632
15873 26686
270 24683
29543 29624
9813 10180
3312 9643
19496 26992
20910 21238
28181 29549
4953 7735
2118 12836
5075 9370
16234 29238
18771 29006
27442 29064
15608 18536
15515 27599
4389 24208
23148 23616
14397 16698
29847 29873
9217 9337
19119 24927
12327 17811
7421 23331
29804 29997
19032 25114
22322 25247
27935 29713
5140 23130
5679 22250
23995 26592
17858 18524
3415 13281
26033 26897
25717 26620
26257 27141
1608 27034
25371 29848
24415 24527
24983 27369
24685 29720
19835 26603
7514 16138
24720 26105
21460 26639
3866 20879
7660 29353
28381 29774
297 26832
19669 20495
10650 28534
3661 27430
24263 26611
2788 11792
19527 27196
18604 22991
4995 6807
14088 18503
13798 28109
11661 28099
8480 18482
776 12803
15009 22272
20504 21609
9103 14884
7127 13839
11363 29365
23016 23748
11959 15920
28236 29946
23811 27302
3617 17935
22526 23757
13453 21840
22465 27497
18635 21647
8284 19282
9211 26083
1865 10018
6368 20476
25921 27154
17641 26250
14891 18175
14142 23082
13138 28510
12725 22628
29614 29629
6032 21444
15291 23677
28470 28909
22315 25230
1934 23654
27817 28986
9148 27309
19781 29308
4545 17075
24460 25963
28480 29529
21631 23391
13841 15017
7801 28689
15296 21302
27569 29435
24357 24476
16973 21201
23235 24650
6751 20920
14023 18526
24932 28054
21486 29315
12524 19809
1060 12591
29680 29687
24514 25175
29478 29489
23561 28529
25291 26266
19218 26101
4107 7898
2842 10104
23400 27528
5592 17919
2847 19698
4299 11226
6486 14689
21538 25537
18953 28677
16648
16396
20036
13166
26761
20607
15962
20844
17314
12932
8116
24752
21188
19235
24010
4114
5009
15594
20976
6072
11274
29540
13437
23671
60
8845
28068
17589
26244
14296
28876
18291
26694
15555
22052
8176
17227
8556
5071
22756
18113
2085
16869
24730
24035
3246
14409
12579
6498
27409
8773
21310
5315
15363
18013
14765
6304
4083
15483
27639
5581
11361
1775
28185
19535
18146
29900
13138
21071
7218
23434
15284
26187
5019
27244
11992
7992
10635
12371
11338
21289
1734
18955
3057
9839
16838
17603
14896
18855
25360
5128
25118
25957
13088
32
18515
1788
22308
11965
29515
23617
12072
27556
23710
26962
14962
5718
5162
15444
21465
11378
5176
2700
20896
22475
1414
29104
4244
21241
16295
4577
5023
23104
9069
12873
10044
17680
13878
15242
9416
22675
25616
16495
4777
2383
14344
847
1185
11049
20990
22401
28299
6715
17029
8883
8702
14264
18093
24272
18110
11867
273
25691
25586
17564
16904
17308
24968
17868
6686
23183
22030
15211
18815
23281
4434
3905
18183
946
20071
22841
28585
19966
20390
19792
22162
10252
1109
9640
209
5633
152
29408
22332
10438
107
16407
21646
21249
1761
26780
11160
1969
14534
27901
7012
17023
18505
14252
8467
25880
2286
26365
10626
7302
29104
24737
27969
11592
11782
28861
24491
28073
22984
7646
21900
15338
27076
16132
16042
18487
28869
29713
2175
27645
9819
13672
19565
15512
14203
15670
18812
20256
26289
7596
6785
23266
5652
7797
28646
8290
20918
656
24536
29782
18835
5475
7320
8225
19986
22655
10943
26311
13570
2687
5551
20747
6370
6423
19162
11185
2784
10550
28129
28537
12199
11131
16277
891
16824
9816
24841
8013
3101
10547
25326
2779
5613
14783
13019
7104
13460
3957
6137
26890
29808
2230
17696
21333
21955
29819
16315
23733
29694
27185
19084
20988
8783
24898
27334
1636
2149
20649
10064
6493
11878
9979
9364
1651
9175
2456
28363
9998
13266
6594
24894
13351
24539
14316
22292
5742
7676
21083
8137
28419
23785
26849
17030
2612
15115
295
16017
5878
5435
29771
9519
9247
3632
17276
8217
3046
17072
1365
7323
25156
27113
5683
24248
1956
4591
25834
24622
18934
11937
4240
1872
10698
3963
13923
10761
16464
4307
10349
25178
6559
27226
154
24579
25392
2865
16507
16100
742
18241
12767
23363
17008
29462
26730
7079
3664
19185
8614
23391
27560
6105
4776
27098
3737
20402
4565
15065
16228
16572
21005
18775
973
16193
5833
8557
19709
21242
28941
24880
21879
28338
4699
4431
18243
24500
15926
1879
5287
20269
4171
13568
16359
5974
22742
13835
22787
13335
29965
25725
25191
13251
20465
3450
20
22499
13740
28108
9708
7060
997
20798
5995
1814
17163
17442
10548
7296
24362
1409
3841
10716
12306
26742
28976
17776
9506
15140
16884
28655
1865
4529
27729
17559
14279
3114
21506
20722
27461
2354
27136
5311
23623
7228
4182
10792
2308
25475
21428
27814
28010
22639
28386
10978
16977
22506
10208
8690
6335
24828
24145
6074
10911
5537
6181
19924
4235
24164
13308
7123
15338
29953
3638
5459
28561
20125
22694
1456
19025
9875
8298
11938
3942
23510
28261
5901
6074
26300
6497
25676
4593
13236
17091
23828
13560
12951
13785
22201
19711
2570
16198
13907
14733
4416
19180
8118
9789
4229
177
14663
15498
25467
13847
20658
21398
18094
3765
23907
27531
16378
4197
13912
18107
9542
27449
23985
2180
13867
2617
10665
25565
18213
17343
12512
15554
26314
29946
13050
27312
4087
3614
19934
23100
12925
18864
11004
9997
28896
11856
23452
24902
9858
25803
16209
28582
19637
1023
26251
12028
15917
641
29971
17205
25896
5500
21736
22250
29178
2949
14079
20819
11901
11387
21373
22846
23985
6849
13755
26252
12026
5086
614
27643
22303
23289
10228
16264
22908
18166
12750
9064
24524
2731
12811
16123
21656
15821
8186
4114
12277
13658
27795
14610
4093
23442
2693
29753
21052
5995
19540
17619
4584
12489
20898
13320
17229
19556
5377
24354
669
12478
5711
1839
6326
28517
2058
10755
14244
17539
2340
9514
27738
29219
25088
14320
3957
12150
14277
1717
510
20975
29665
22329
10986
29419
27694
21056
24462
29203
4567
6131
6456
28789
29118
9182
4702
2208
25204
3469
23096
17703
18083
20685
17537
11173
13545
28849
2158
6592
11085
9137
22979
19185
28633
10725
11745
26197
29220
28786
26609
11105
8344
9142
5783
3230
28460
2690
19784
5633
21938
7733
26110
18499
25283
11402
1037
18594
27194
8276
1003
5948
1777
3862
16232
29261
9259
8879
11061
1268
17754
20327
27570
25766
4683
28794
3670
19369
10205
19496
23854
16687
24194
21264
28689
27078
15612
22861
20509
24780
24428
27626
8779
4435
28851
2964
24702
27311
12998
27735
9945
17971
6382
13478
15468
12520
7935
14614
10845
13682
21478
3975
8577
13636
4600
16735
1423
15603
25252
19597
9102
9063
6307
15419
13529
26744
1729
15887
15527
22318
21644
10139
5043
23458
20247
29068
5305
5400
28737
26097
11752
22204
2274
17616
26734
21323
20840
7048
1604
27487
1796
6686
8123
19210
12704
27201
24070
24967
20509
13408
19729
20222
8351
14689
16860
15338
28308
29343
2508
23126
226
19700
22579
4311
6330
29588
17726
24187
28968
10835
25969
1183
942
6450
18551
2410
1650
13237
26597
1986
21099
26285
6117
13169
6596
13876
18599
18761
3264
23255
20968
131
13591
136
12318
24442
15686
4851
8927
10793
29419
28448
308
1035
11019
23208
22726
23437
27090
19288
22986
17908
28511
24299
23106
26592
14026
21114
22611
17967
13719
22996
25372
26810
16084
24969
23812
21518
6406
17330
22633
29536
24550
27941
9842
16286
15453
28249
10326
12571
7842
16524
25090
21578
116
13623
20094
6861
27854
26565
14612
12078
17464
20989
8464
14015
13252
13265
19613
29823
6977
24158
11883
19006
1968
11622
14553
18335
14987
22013
28808
17165
28777
15220
15726
8081
6630
18326
22672
24950
18642
28109
9785
5091
11168
944
7387
14444
15
15152
16699
14744
9667
22150
2573
21931
2631
20505
20634
16782
22400
18050
25158
8849
4591
10508
27673
14620
10993
8560
20492
29386
2529
7879
26668
20175
27424
18078
1662
21745
5195
14165
12326
10744
17702
9310
15609
17822
17924
14725
23082
10758
27083
16266
15867
23545
1170
9828
1285
28175
9234
7145
437
2274
25953
18339
27501
12064
19398
1542
4659
15714
23343
26895
2311
15458
25846
15985
3060
21703
5940
25622
28395
13243
26042
17703
8209
16476
9826
17254
5552
13132
7116
19626
8597
20609
19837
16189
12413
22480
22353
6507
21238
17949
28423
19003
22477
26011
15192
22656
12944
21861
29628
6114
11188
16121
26385
15433
25726
4898
18025
9939
27837
21824
20496
20030
3616
20229
24801
13222
18549
1244
17368
24110
10070
19422
13553
23730
10504
8755
15178
7809
19258
5100
24899
2664
22945
14663
1457
24913
16002
1156
9966
13900
21394
1188
9170
9861
21660
17535
18023
11614
17384
19744
21021
25273
19389
9639
29150
25701
26613
23530
9569
19731
18250
14427
12432
6653
25866
1068
22092
12808
9380
23169
3916
8672
2257
19012
2586
9368
23398
24315
9387
20335
6310
5717
17687
2726
16779
964
14963
9774
27614
4262
12773
2417
21308
20782
10909
1229
9771
19390
16458
5356
9556
23939
17892
25582
29036
15608
29982
7714
16994
18951
29096
13955
6578
18140
9095
24451
25291
26334
28831
27488
13262
21932
11326
27642
14216
11062
2846
25589
3284
13639
22238
12518
4384
10354
29178
19466
10025
2441
27817
26986
21622
14013
10341
21535
6652
24489
15664
10644
26529
11318
26285
25703
22352
7814
21555
11885
22858
18297
26293
9614
11681
6221
3737
7058
10711
20034
22179
28599
14362
25339
15634
19686
21574
15777
11638
9240
10906
11929
17924
16196
3316
25013
15620
29471
20965
11566
2718
11894
20174
25179
9109
15731
14407
23374
19484
28
28391
29565
14014
27533
2403
4243
20845
28086
16988
4694
25908
5366
25019
12842
178
16345
25615
17296
29421
26356
28955
26160
4179
6537
13591
7611
16280
25012
6324
8793
18054
21097
26397
1698
13774
22690
5718
15965
27504
11762
6984
7259
25895
18699
5638
20189
14131
9275
8676
1798
20263
16750
28815
18263
29411
13144
8773
10223
4485
1265
15977
4744
10735
6794
2008
19636
24660
20615
18293
22667
20196
3876
10283
29252
11369
26537
20354
8828
22962
25829
9933
29748
13171
6567
20756
17640
24038
19288
29299
19676
15765
5395
4748
11824
16248
19636
23631
9087
18894
15
11375
13661
7772
7508
20619
8969
2169
16362
17081
29101
12296
27724
20548
23424
13035
851
10728
8561
5965
10797
27433
11812
12390
2889
7103
10847
16418
11503
3744
8842
1072
10984
27862
9572
11689
21770
27154
25162
20270
22754
7910
20255
767
4044
527
4079
11716
19488
117
5230
5505
401
6092
11550
5790
10174
24486
5265
6179
1622
8806
3825
29342
14247
24676
28145
15799
14521
4545
18399
25693
15617
11365
5359
5354
17682
13440
4992
564
17652
7968
3074
17081
13801
13564
19011
17603
23991
5253
1310
20242
18326
23407
1472
17480
17265
3214
7790
28369
22988
26256
27821
28075
2615
12511
2186
21167
1568
14173
3404
17877
27365
5147
16521
25587
24155
2522
2383
26356
22458
28196
17461
21864
4474
17359
16982
29226
8016
17466
15600
7069
11054
21640
17745
9020
1172
8807
11569
29243
84
9942
12250
1675
25215
21499
9507
9401
8704
19785
29310
8909
2943
3786
21601
1649
4197
25814
19159
16883
25738
8797
16575
2470
1915
26640
9754
257
24363
9984
20100
21191
6623
7690
16951
3320
4990
12564
19842
28283
22655
19135
9968
7950
27054
14063
28058
26185
25870
8949
18927
22252
5844
19707
27122
15433
9401
4446
19243
8951
18697
19987
5038
7206
19254
10993
9400
8984
945
17404
13364
1568
28251
2761
3099
11047
7714
15541
1425
9307
747
11121
14917
23549
19206
10478
10312
17583
11210
23017
1604
27537
1513
19867
22335
4181
5766
3609
16728
17652
5451
16613
18474
17918
2170
4589
2637
28799
506
29915
1135
10069
13887
6840
29128
536
23904
27607
5789
22594
22562
21428
19517
19071
20571
15919
28510
28063
26969
14480
9647
28209
7491
29392
16621
28123
27512
19924
15840
9136
25917
17422
20399
2448
11296
28100
15250
11708
22166
21642
23607
4121
9688
14676
29630
15109
6246
10795
5262
1406
1822
28865
5137
11071
16544
17712
20099
24853
19388
5682
15682
17199
26348
20308
25727
16247
16521
25440
24069
24632
11466
17840
11585
20811
14938
2111
3127
15690
2508
18022
12368
16045
21676
3486
13079
28585
1009
11030
29287
29577
4429
12790
17629
22017
24710
4409
14560
12574
8750
20718
7078
20739
26910
5050
18659
25780
24709
5598
11267
11100
9606
23852
10204
6690
25948
14945
16198
16312
20940
17224
28579
3254
18628
28817
20954
4410
6181
12975
10314
25469
1465
26346
5341
26549
10785
18468
17571
16015
26239
10016
26402
19639
4448
6405
18470
20882
13362
17849
9646
26857
112
11752
5351
4987
1694
20626
8794
18501
15028
1942
23701
6423
16809
10594
1407
22191
7351
20987
8186
15932
18308
7582
17396
26811
17556
23
25416
5242
29895
15294
28759
24282
20790
4483
6444
14796
6007
16529
25495
6386
12763
25889
124
20288
6257
9097
8950
11139
9088
11995
1608
23913
23337
26472
28311
13646
7320
18976
4013
177
29485
6544
18058
29545
23696
17446
2826
25998
17760
26421
13738
21824
25698
29307
21903
10920
27614
28756
1166
28078
24817
3276
24015
4140
20478
28795
12886
27669
2605
29938
29353
23654
11681
7857
5850
12219
15902
20251
6056
23043
6360
21013
16156
15661
127
24183
11027
237
14486
21369
3414
1128
12451
21500
28981
17361
29301
13669
13560
16540
26216
8573
1529
14964
13518
5761
22917
13284
16416
5277
28818
20620
2707
21066
21136
28065
23666
20429
7633
25018
10867
1458
21562
5650
7080
15726
3028
27036
28621
18883
7523
6041
27450
6799
12362
22172
3746
27016
8664
19387
9773
7230
9136
23503
21070
27928
1933
5650
10319
12322
8449
1829
17462
28158
21052
1834
21683
1648
17380
21540
11565
742
9022
17092
23394
20506
7556
24622
18794
1541
26394
26882
4011
18152
28326
260
5756
17449
20758
12782
6177
18780
16967
17423
13249
4400
9929
11704
26410
28646
23017
15750
11536
15190
2234
24940
19500
7920
9788
21381
4589
6805
1350
24601
4560
12971
3093
6884
16425
14358
170
17998
23017
13242
22955
5202
28248
6316
29359
3028
24324
23815
9202
12974
20458
9537
16982
10471
9842
19675
15270
22509
15933
20421
18070
5253
8810
11515
2201
8260
1285
16119
26159
5594
27958
7128
27744
18061
17245
29458
17735
20206
26069
161
27457
1061
26767
5740
21857
19294
9778
21741
19401
28787
15473
14773
15603
9820
1618
14787
26837
25629
3643
10817
28093
26733
12871
27438
26443
353
20954
11458
8268
1667
13548
29298
28674
22874
12398
17838
413
1778
12942
15249
6719
2304
13144
10294
10878
314
28195
17975
15238
29949
29208
6625
24232
11323
22037
19515
28328
23538
1497
18496
24050
29950
28266
10744
9645
21334
16039
5520
28011
16829
10559
28016
27626
26248
6857
679
29478
29399
27809
852
26089
15161
5763
21366
27103
13898
10167
16000
21822
22155
12564
27517
19771
22584
23682
19307
769
16372
24809
28695
6859
1033
7035
18595
9384
5344
13595
18313
20250
16577
21826
5542
7782
2224
17704
24725
16157
10270
23850
1008
8772
25476
20219
22548
424
13392
21623
26905
14789
6759
9790
481
12170
27574
26793
11293
19935
18838
18334
7267
1810
23209
4991
10847
28119
10201
4744
24984
789
16613
15047
6615
17121
3323
3276
21737
25855
8120
27392
27689
20654
13940
18004
9021
11082
6074
27446
20713
21960
18211
23647
261
25337
25227
18318
9318
17113
12037
27753
28099
20684
4674
3032
13643
4462
28973
16742
20360
19464
22334
18878
823
8493
26306
25902
13896
24046
1707
2809
13734
28792
22677
21601
9223
1078
29720
6361
4926
7317
9417
16554
25976
24067
7256
2776
24071
14630
11658
15996
5469
25022
852
15686
23
10323
29286
1740
6732
770
4014
4632
6745
5785
4628
8076
5075
3018
22164
29365
14650
7474
18026
22515
19220
11713
3574
9899
14628
13639
26141
2248
1168
19925
24718
26452
3979
15144
596
1876
28173
5840
5243
1414
12797
21016
21668
15049
5986
13151
3440
4965
988
17069
1107
16053
15912
24306
10615
2325
25067
14275
22570
507
4953
12621
13712
10335
13504
22397
10840
22438
29805
26785
2787
9809
17848
22796
20328
20751
9829
19806
29831
2544
15634
13037
25088
10181
13823
11741
1255
13817
1088
4827
9824
2542
9657
19925
27720
29289
19269
27363
29736
23916
26172
12042
7512
28085
18582
1112
4390
8559
17404
4225
25328
25927
20214
16256
20380
16521
26851
9013
4469
623
606
19609
8826
2515
15769
23726
5029
3085
25575
22310
4694
19565
8647
19182
12450
16066
8818
14635
16539
14982
910
25288
4975
4777
13195
24188
19751
22625
25169
27072
22709
16647
26590
8113
17137
28607
12303
27863
488
29558
26141
1463
28533
13669
17953
3947
8962
14869
27150
28871
2535
28464
16340
8499
20881
24057
21872
18624
9486
2492
10162
18333
10684
11239
5130
27320
26495
10025
10165
15117
3965
7347
23904
7607
5138
10353
28021
24658
9317
16629
23964
26085
14422
6438
1457
28137
2388
22339
11926
23504
27098
28918
25615
23061
2656
24220
29195
12243
28082
22617
7240
22476
23281
11063
18824
29620
665
22238
2272
329
20063
21640
17366
2447
24851
16460
24797
24324
21798
22514
10046
29837
25692
17086
15928
26074
11608
12627
22370
21987
970
6734
4761
19988
24381
1811
24227
18035
21603
19375
25497
24812
9576
25673
29542
8393
23699
19093
28293
15692
23050
703
20723
5256
1033
1074
19388
26568
6312
11578
12044
4420
16130
22926
14191
11616
26790
20322
28527
25279
29669
10390
25289
13469
14598
13350
399
3723
21980
15313
10174
11854
2606
25457
13835
9014
12221
12582
1515
28626
11605
9301
13097
4686
29387
25970
803
27760
26756
25066
14584
22198
17794
11985
465
11628
9381
10739
12306
22985
28708
12927
10713
5121
13211
29030
24130
11384
25742
17762
12931
23853
15701
22228
25115
324
24717
26088
4213
19996
22278
15341
14514
21943
1338
21730
14056
4785
18783
21574
24088
21254
973
2047
10469
11533
7859
2792
6917
14132
2007
179
16687
28742
22888
8608
29705
2847
1072
21659
5311
7930
15124
6888
2712
15683
8178
9334
25176
148
20121
15491
13430
23647
28541
19813
991
9622
10586
1497
9543
26487
6401
19876
24920
3898
18891
12221
8212
7216
11483
1687
23106
9313
19484
10745
12090
3304
22184
29416
3204
8235
16266
25444
18155
12654
2062
24191
16827
14933
5325
20328
15885
8963
22414
20069
15860
21884
12337
10144
11723
19947
25854
5902
8749
28135
23106
14070
4247
13413
7840
25639
19688
25731
4043
7669
22253
12994
8621
26748
2854
15926
24368
11828
17942
20869
23941
15069
9568
10326
8036
25223
9040
18419
15633
838
5936
13592
8877
19699
29302
10111
20417
23845
22956
14219
16995
6698
19268
20581
3741
14118
26613
7116
21339
19045
13669
13537
2809
10853
12214
5543
468
869
1464
23865
1840
4130
14162
22617
1247
14646
15322
1337
13695
19311
22576
6847
23956
29046
20607
12770
6256
519
6490
6490
21736
17747
28351
18674
2560
27353
28079
4961
10066
17964
23839
3669
8597
14307
23219
29322
26355
22950
23545
20605
9240
13283
13547
26424
2810
22860
15536
27432
29921
10811
3182
12117
14273
8088
25964
12372
3823
22575
11741
20446
18679
11684
28670
29332
19282
4927
13318
9142
13264
1822
23882
7527
7572
12731
978
8844
3494
9167
27605
20690
1126
2064
2886
22619
1806
20652
2542
13248
26782
20685
8104
16957
9231
27432
2888
26718
19554
4080
8902
5255
28183
17084
5048
3740
11294
13908
21094
17177
4475
335
2419
12450
3156
23748
10449
13120
18183
24440
19693
11464
25827
9354
20556
15449
25640
22289
1606
5151
5107
18579
19
26318
29480
4397
4198
5723
5712
28045
7434
15270
14677
8225
14532
29949
25324
28503
476
9529
13545
3854
28688
2433
19783
13153
4041
17744
18130
13774
29441
2096
1156
2677
23126
25660
15833
12380
9216
8624
4190
20816
14888
11202
13492
8714
2759
3202
10752
19416
26637
7098
17019
19231
15518
11987
13748
13737
23068
14757
19667
29406
14116
13610
29727
26588
26685
12993
715
22680
28437
18785
24952
20059
19212
13018
18761
12905
20931
24386
24964
13054
21349
19779
1868
522
1318
10739
4208
9669
26893
27321
28224
14443
13101
19541
22580
16682
25825
779
9677
10084
3096
5467
20112
25751
163
4278
26200
26566
10443
13151
26163
5786
8641
6935
5396
23883
19550
20170
23852
17522
29676
25707
6386
11649
8689
14779
15227
21573
8096
11644
12084
7663
8231
4018
18031
28190
26360
5962
11904
22899
13654
27646
28614
1464
28145
12637
1492
3233
18423
17182
5625
5913
25352
1226
21538
18995
15970
20498
25934
23538
19068
17602
163
9517
3812
8248
20172
27804
25723
5229
1760
22357
25658
13857
132
12162
23903
24061
12857
17057
9366
29178
23453
20544
26778
28440
18952
576
9170
3906
14353
21568
4706
28077
22389
5784
18801
28814
18044
27237
3242
13556
14695
14757
16021
11544
9730
18534
27994
26321
6453
747
4271
23496
4361
1028
9658
27703
971
11355
12447
5909
22103
9330
2713
7342
2126
28009
23055
29081
18026
3761
14909
11459
19755
22299
11170
4926
21942
3422
26844
24239
27521
24173
9050
13615
16845
3052
28405
14796
21606
15601
24306
12490
28048
15694
23055
26607
8931
24941
20014
25945
5366
8060
21092
7775
24181
17170
13375
7054
9460
25396
22949
1266
23376
14858
16354
12400
21959
12527
3702
21073
10643
21556
9578
11902
24992
8967
3638
19864
22442
20966
2447
19293
3977
18547
21683
9195
17391
16782
4423
1697
21091
13365
13831
29820
9889
22995
27693
11080
24190
6851
8806
29830
28420
7003
8742
26541
21055
21418
937
16776
21638
5869
24670
27591
29581
19018
20986
10091
9648
5637
22985
11580
18785
5114
16921
7177
24794
13998
699
23789
3296
25914
27926
1732
21707
19869
169
28743
13876
12907
6547
9036
20113
3571
16240
7304
24050
1086
17093
16213
12280
29399
227
26842
29685
7681
9876
3952
26869
23096
7672
7724
3811
20604
12278
22173
4515
14120
7589
22192
10653
15537
14117
29947
12753
8759
5662
18939
7260
4965
10602
20127
12779
4261
28534
9859
22479
23344
9287
27076
2515
5670
28487
3036
7369
23407
25590
14362
24359
15835
12472
9932
20808
10945
4837
26110
12354
172
2930
28515
24159
7462
23308
19532
129
16329
13363
18461
9741
19585
11534
111
13945
24493
28399
176
12434
28611
105
22748
28385
29147
18530
21069
17307
16311
7861
21499
621
19600
24906
1815
2921
15010
27426
22243
16005
11728
11580
19741
13216
9237
25505
13271
23904
11423
21893
14735
20769
27541
9708
18120
24403
17505
14625
21780
1716
10178
10456
16961
23653
23315
1057
29900
24662
16787
19870
14202
3403
2977
24097
29607
3470
11510
15450
11488
14960
20055
11493
13585
14632
1958
3786
15376
22501
3220
3800
5028
29461
13302
14806
21400
19867
17847
2672
23053
29253
4976
15187
7209
11238
28716
29497
5444
12658
26976
4185
25772
4576
17914
3508
28819
1751
9044
2230
500
7570
3150
8434
11868
26548
26636
5396
10733
28403
819
6304
27758
17471
29103
25585
4558
7782
1090
26673
14875
21817
7308
26192
26165
29184
19605
10917
14267
26741
9281
8145
12824
20853
15972
19750
17489
14462
6252
9180
20365
9081
11583
1716
10995
26353
13472
25462
4465
28075
12636
27309
2141
25510
25826
3831
21117
2679
18214
13941
14245
20084
27515
12394
22244
7827
11436
9513
6316
16498
24675
26522
10185
29798
12741
9279
20268
3808
12567
11792
29124
10610
15285
14611
2355
2889
25329
25166
28094
9467
16227
1258
785
8194
24504
3645
6811
340
28703
15066
10715
12307
10355
20693
374
4637
25416
9836
17753
21305
26844
6689
1086
11443
18545
22240
8096
15507
5256
12185
6712
26099
17067
9677
24221
26368
14680
12379
1413
27195
26372
39
25599
22500
13805
12210
14698
739
19415
28033
19640
5832
23511
23383
9843
27109
20346
1689
17764
4913
26554
24896
12111
9763
1642
21288
20967
10046
11057
13373
12315
16854
14758
25654
26100
22094
28836
29169
24126
26502
28574
12170
18908
1955
2056
13524
12293
17318
28498
4404
17098
19881
11989
23281
9008
7113
20013
18807
16360
13992
22960
23222
14283
20982
18005
10327
13527
15392
20972
8321
7392
11870
18483
18634
9413
645
19178
15105
26989
14491
20668
7250
27703
1194
27287
26396
6271
20622
6448
7248
13723
3767
22065
24725
26276
15108
10081
3565
27492
14551
20070
4658
19112
24585
6289
29070
11660
7212
5551
28231
11240
22271
17354
10007
3923
3972
14586
2174
8193
22855
5539
18938
18132
1170
23163
5836
23346
11408
1269
8122
9383
15650
18774
6580
1139
26724
20331
23998
26992
28219
14175
23673
17257
4258
25012
13700
13670
7456
21523
18013
8061
26097
9740
2956
18585
25096
24292
15988
27373
1998
8263
25508
6421
26505
281
26358
14942
1405
1260
17995
16409
1594
27224
13773
7932
9325
9783
12840
388
26621
1677
10569
14770
6652
3233
28069
13302
4807
10371
29149
2365
26791
13602
9578
12324
14799
22955
21009
2764
9187
23245
13521
2343
10198
29994
1950
7875
27398
20904
25227
29033
17632
23563
11228
22647
3087
8401
13843
28600
8887
28139
18724
19630
19463
19000
16491
21492
22667
23879
16460
25825
13512
11997
18854
29122
20186
16904
24870
3034
23515
25632
28116
15706
21595
25746
16905
22212
19436
6430
21931
20478
7035
7887
10459
26801
28394
7882
14047
25501
23836
10258
27380
10186
8120
18614
20587
10336
14640
1283
19489
22529
26485
9027
1843
2549
21802
3011
15946
4645
1999
22989
29934
988
2623
29583
1825
22783
2201
25525
23711
15496
7930
11487
29286
4836
24125
21462
26025
4104
29542
18549
25928
5274
17864
10617
19282
2329
10520
2486
13013
20225
21102
27951
22338
21379
834
27617
14846
17348
18542
8591
28065
13404
20513
7529
24024
8860
814
29612
11166
25827
20778
526
16491
19292
9478
28373
27734
12616
24860
23516
952
21903
14158
3165
25663
4983
18344
16694
3198
16461
15415
369
7870
8579
930
1330
3351
7731
15571
8226
26182
2488
16729
15644
885
6931
16582
16535
5454
19323
14497
11386
9728
19978
21673
15457
10962
13158
14557
29687
2624
26184
2873
12679
12424
25434
15916
13697
13633
21376
7526
913
9404
7600
9977
892
7750
29354
7885
13255
29314
15155
2326
17914
21774
10830
26507
901
4296
19509
14459
23309
8247
10631
18359
9890
4997
2581
15721
10943
13846
11084
17841
27132
25810
17423
23102
17969
18907
22637
15547
18291
8779
228
6218
13419
29077
