100 50
48.13
39.56
90.58
71.75
89.32
41.28
33.37
38.83
66.06
3.46
60.53
10.20
66.25
66.04
89.95
48.55
55.98
77.95
67.31
95.62
15.45
51.73
88.54
90.86
46.33
22.38
49.76
37.06
29.74
57.75
35.70
60.39
60.49
35.48
39.85
48.16
98.14
94.76
18.29
99.29
88.05
37.21
90.20
4.54
9.52
18.84
91.68
48.52
5.54
89.95
41.08
42.30
19.39
42.00
96.14
90.82
13.04
32.58
69.31
74.66
80.13
57.74
62.76
19.17
87.08
87.77
41.63
40.29
55.40
35.19
67.71
74.21
61.27
24.18
4.30
60.01
28.40
79.50
63.83
50.82
37.68
0.01
99.35
69.73
79.58
22.17
38.82
15.68
72.20
21.19
1.59
80.88
68.00
25.14
10.68
3.62
20.86
17.45
68.61
88.12
