10000
1412 2640
9537 429
1795 2638
4283 8150
4317 7288
2037 8510
7934 8735
3201 8779
3613 1984
5184 2530
3944 1480
1890 9104
3857 1152
6710 2080
7233 4311
2959 3988
2646 5725
9373 3622
6377 7329
8446 189
3387 4408
7324 5614
9342 5604
3645 9204
8802 302
8771 2451
6719 7482
8101 1744
9101 587
6831 6454
7538 8586
5472 1333
3344 1912
7444 605
9401 2318
234 7437
9716 5099
1400 3932
7568 6066
7067 4910
3726 9772
1430 5931
690 6115
8164 8325
8925 1426
184 6537
3796 1825
4612 3686
8346 2943
1471 1052
1752 9633
8025 8579
4252 4214
7428 6362
3789 4172
5187 3959
7051 5620
3905 4966
9880 8606
3448 6964
8250 4818
7905 2181
6637 2868
8197 9703
4049 2545
8102 7004
8196 1306
2471 770
2218 7415
7532 8591
1168 964
2923 2907
8131 6531
5628 4957
6852 7236
2780 4021
8665 9384
9561 9717
9622 8166
2727 246
6438 2730
6590 1814
1085 288
6061 1144
7305 9930
3594 8060
8066 4115
5642 3150
2099 897
7458 3951
1018 9149
4115 6830
6637 1597
9508 6830
6534 657
4512 3020
6223 8695
2634 2894
8843 1267
3227 4101
9953 5433
2286 2392
2880 6705
818 2233
2311 7564
5273 9504
4395 6274
8616 4126
2240 1639
9147 428
5418 4044
5229 7363
3381 2866
3850 4506
9785 1506
5881 7352
9425 1773
2059 7521
4111 6703
2096 3866
4093 9002
717 1638
3860 44
1946 213
6815 1091
2622 297
1348 7784
8059 8606
3299 6954
5000 2124
7177 7008
8133 6363
8737 4475
3645 8929
2185 2864
1297 960
2420 3847
8945 3170
4995 8350
8984 2043
447 4279
5751 721
2058 6126
9227 4092
7949 6004
3352 1972
6963 3937
6292 2554
2375 9801
5385 8324
133 2058
274 5727
2679 9515
1041 6303
4025 2724
770 7108
1416 5317
6401 1073
6233 3304
4472 540
9699 717
4171 8432
374 6517
1273 5307
3539 6150
2988 9436
3552 4779
4286 5654
6852 9694
3073 1677
2837 4194
911 7983
1717 4206
6085 4313
5645 5082
6213 9867
9163 4138
9367 6679
1368 1859
4171 6132
3260 7479
9278 9787
7373 4355
6967 6853
8691 1713
9236 4163
6235 313
6294 2786
7738 4160
7508 775
6065 7837
3423 6019
6872 1539
6425 8747
7834 3316
1083 993
4150 4445
8357 4244
1752 1875
6944 1587
5818 5003
4432 3767
1684 3184
8888 3826
2715 7978
2222 5079
6585 9250
6699 6653
745 8329
4615 7001
4270 2507
6929 9639
1384 1615
1972 8134
544 5275
5725 375
6112 1392
5860 827
7603 5640
4127 5602
3561 4039
9313 2304
415 1163
6260 2755
7919 4899
2815 3005
671 104
8598 3495
8026 3338
2713 1055
7856 2152
3143 1714
1263 8202
3834 1242
6247 3691
7902 4425
9629 5187
4532 8209
6592 4653
1900 5938
775 3454
3575 8778
9444 2989
8232 6103
3648 8239
1086 6916
7394 2857
6858 9710
6031 4047
4962 2249
953 8212
5093 8689
4033 6304
8656 1055
7322 2509
9156 6514
1301 1038
663 6003
8112 6728
1306 5757
9141 1300
7974 2146
8568 157
8730 4588
4805 7434
4221 4617
9881 3649
4405 9746
8237 1580
6434 3028
3486 5227
516 9934
3257 7886
4459 4303
47 383
5250 63
5291 1180
6404 7931
3210 7891
1616 1124
4257 1250
1614 4300
5361 1739
3493 3663
730 9492
6879 9358
2978 7685
1905 805
3039 2741
387 4668
2779 3569
7252 1551
138 298
1440 9905
2327 1993
9369 5488
7128 4898
3272 662
1626 8493
9650 6341
6781 167
4231 1514
6038 4085
135 3240
7377 7608
5139 3317
4924 8207
4962 368
3675 7234
414 7396
9860 2742
7825 2416
4574 145
2474 2369
2328 4826
371 4502
1796 1998
1115 6361
3539 7589
9573 894
3419 9599
3168 8582
8135 501
2750 2227
7676 5750
8303 8566
6221 7679
7958 452
6763 7766
3954 7121
3353 1684
9169 2942
261 2775
7616 8144
5698 8253
5615 7911
55 5455
8282 9532
8418 6780
4955 1408
8297 605
8989 6483
9239 5877
5898 1105
7102 3624
9881 4304
3344 4217
8133 6090
3322 6440
869 5000
2909 2119
9402 4922
1373 8184
6103 1300
6956 9913
705 8319
8157 781
3948 7798
2510 9913
1024 4535
3669 7986
1085 1906
9258 8954
58 7422
8624 4778
3913 8429
8725 2668
7582 3517
2866 4704
554 466
579 4743
4927 5671
191 2426
1903 6152
7228 5971
395 2100
3372 9614
328 2028
6719 346
2216 5308
2527 9260
7339 8859
879 1869
903 8794
30 104
7573 735
4184 1883
8811 6069
3146 8190
5898 9086
6197 3304
8719 6661
9358 709
7519 5692
6936 1302
7512 8775
9234 6143
2157 1535
2914 3973
5439 2973
1260 3409
4905 217
8999 4416
8193 2796
6755 3679
4888 7298
8263 3474
4925 8931
779 9420
2418 9733
2502 1568
1608 4138
6074 888
2127 5323
7690 8133
3720 8938
6889 4289
445 4038
6730 1295
9566 6681
6939 69
9267 4596
8166 1060
3936 1584
5482 6640
977 153
9321 3338
4142 1441
9535 5890
4955 83
8395 9616
7627 5426
8331 879
4309 2153
353 318
4355 2435
637 3971
9421 6330
8277 7691
7956 5187
4375 4198
1160 2023
7019 5671
6379 2821
4686 9973
3546 1684
8418 4153
5462 5515
5543 8851
4223 186
986 3346
6110 4924
3230 766
5759 9490
7254 2680
8482 8672
4369 5499
9690 8472
6128 3867
71 8318
4068 4991
1772 5007
2262 5810
1063 8675
4318 2828
1922 8408
8381 836
9285 1249
2344 2128
8045 442
7259 9793
9369 8402
4411 2901
5039 1824
4123 6303
1865 6283
4640 1241
9434 4186
3326 733
395 4654
1889 6798
8692 6620
3694 8166
7111 3043
3227 8318
2227 6803
2092 5119
8045 8961
8599 1022
2348 9388
2288 1281
4844 3298
2958 7156
9140 332
9584 3904
6139 1493
809 94
2208 2993
147 1267
9666 955
7278 1355
8139 4826
1600 8195
4098 7017
4945 1840
5039 1426
2785 978
6663 522
8821 3670
1672 562
1023 7431
2278 7475
8167 4234
2682 2901
1326 9606
8232 139
2596 1917
2356 6715
680 3447
6021 7477
7249 4704
1088 4573
7356 5171
9605 9186
6809 3316
5964 9475
3859 3572
4915 1939
6760 7082
383 6421
2421 8551
2172 5501
8812 8670
4283 9151
2463 2539
5736 2749
8393 1373
7131 6410
895 4300
4163 5106
6211 5772
9084 5096
3433 8348
1346 977
6144 7907
8895 1556
6828 2424
3038 421
4554 7067
6868 8443
973 9129
2268 4470
9942 2400
8527 2902
4882 3610
1925 7001
5029 6874
4649 4423
2370 4733
4276 5218
6032 4527
2330 8134
9924 2687
3646 4099
3476 2969
2382 595
2667 9861
9429 1891
2666 6268
3211 8039
6800 9122
4488 7940
3252 4813
9008 6113
5324 7071
5205 9139
6497 4256
1606 8519
3090 263
5321 9346
2286 3170
236 9757
3476 33
4618 1965
7724 4463
5937 3385
5765 5487
6824 8421
3139 1038
9549 2221
9481 3158
7756 4444
5389 1662
6961 8939
5834 5660
9984 7395
7244 5553
9203 9540
7084 4910
4117 9750
1578 4297
6845 8824
3731 8538
5405 8925
3121 3443
6458 3744
2321 2630
4329 9433
5230 9782
6736 6306
8598 3973
2288 9966
5357 3441
1337 9474
2152 5640
4481 8757
9809 5244
5272 8477
8605 1329
1177 2819
6937 8163
5497 6614
5151 1853
5974 8204
8787 9548
8978 4463
2124 8906
7229 1054
132 11
9734 741
7685 3167
9766 7600
1995 7559
9884 3747
279 3282
5293 5238
1780 1319
1109 8533
9917 8678
4643 5506
2536 5273
3598 7350
2415 9758
2752 2856
6959 635
1589 6770
6234 5915
5339 8223
4805 1301
6225 8953
8931 8845
3620 1254
3485 201
3032 4260
398 5320
1439 5094
3733 4294
7793 9906
3304 8501
5851 8485
4418 356
1337 1474
5648 7208
6561 6376
8932 1982
1643 251
1873 9999
3484 9254
7473 3570
3600 9048
6550 3464
73 3051
837 9179
7344 1744
9445 4391
9698 1225
2564 6632
3739 365
2515 6755
7549 481
9045 7980
3034 6059
2780 2917
3171 9862
8253 5143
5780 2196
3819 1940
4444 4210
4153 7255
2341 1094
600 5856
7659 1975
475 9960
9119 2596
5774 8338
1253 4732
4203 9049
7987 6233
3707 5480
7522 8271
2254 9117
8775 6989
6779 7900
5078 8964
5409 5646
7246 8420
7642 4948
857 42
3544 5025
6661 1721
4806 1241
7854 8784
7235 6452
863 9690
5997 8363
8279 848
8302 7481
8015 5430
7610 1832
6216 9803
3736 451
8768 633
8110 6754
9915 5119
1091 7025
8151 7396
4506 9790
2117 9635
968 1795
9723 8231
8543 8228
3929 6040
7232 1310
6969 3125
4811 6420
9148 2804
5889 5898
7127 3552
7352 4771
4764 3094
2868 5581
1731 3771
8119 5504
6650 9793
9821 4573
4414 814
6680 3296
1587 2719
178 8102
3530 939
7297 2891
115 753
940 2936
2516 1576
7759 7496
9362 4613
9135 1228
6133 7577
1760 6784
4595 3254
5002 8571
718 1353
4973 88
2094 1853
9765 3108
9594 9401
934 2387
5312 6786
4808 4269
2027 131
3253 1532
8990 7847
940 3623
3369 3993
6542 6745
6398 8698
2260 6166
2150 2803
4782 3203
8769 9445
5008 6693
6656 9295
6289 7172
2545 9008
767 4943
1330 6417
6240 4023
6135 5480
5391 9049
8325 8654
2604 8635
5977 4850
4281 6913
5311 9730
1880 61
6746 9219
5634 5144
8059 1519
2795 7113
2138 6054
7431 4695
5613 698
299 1533
8128 5988
4545 6346
8406 1057
1245 3776
9314 8487
48 6466
3679 3147
4333 7812
9026 3123
7753 603
1230 6438
3764 6629
7679 7714
1189 1552
7571 7078
1419 1608
7261 8208
6859 2859
1093 7074
4162 8326
5550 3816
1362 4292
1320 937
9012 9388
3185 7566
659 5087
744 5652
7830 3016
7468 810
1030 3010
7465 1164
2358 327
5781 9964
6227 2919
6148 7701
2683 2642
6472 4662
4582 1372
4477 7935
6100 3832
9795 1089
7548 4700
7626 2415
8323 3718
461 532
1090 9776
4595 2937
7794 7747
9266 8138
9766 2428
7820 2902
2391 7852
1619 1027
3968 6896
5108 2973
7746 2440
186 9214
9915 9070
9855 291
304 6235
2553 2777
5270 990
7428 3254
8738 755
9966 9486
1398 9958
3123 4807
1229 2371
8633 1942
1071 5774
649 3723
3095 4602
6291 8888
4463 736
4576 8723
45 2372
1413 9798
5050 652
7455 9429
2722 1604
1762 2528
9485 516
4870 7163
6363 2074
9999 3868
3912 4798
7057 3904
902 3929
3892 6277
8955 6132
5866 7745
49 9803
5708 1736
2417 7396
2141 5651
265 1060
3628 5197
9349 8470
3770 664
3845 5156
9481 9783
1626 3709
2587 261
9635 4133
9214 8656
2261 5094
7744 1164
9172 4607
6784 5032
5090 8282
429 2247
2354 1166
7109 7315
5330 8519
547 5955
9606 3970
7511 8495
6483 7968
9040 8199
1165 4889
9909 8413
66 106
3196 9380
5590 5142
6957 6897
5234 1676
5501 2196
7525 5075
2403 8012
1180 204
9354 9755
9690 6428
805 8411
1569 9952
1398 5692
4798 2511
3645 4729
9067 5596
5345 7862
2931 469
4827 1389
794 5852
1518 7521
6869 8235
9330 1723
5210 4116
2861 452
8381 2223
499 3555
6872 6355
8296 6873
9517 1586
5102 461
6867 8067
6295 3172
8294 739
7023 4618
1519 3148
21 5969
8255 3499
2578 1181
1299 9701
5495 454
7061 3277
588 5271
1620 2230
3513 8577
3117 1409
4166 5215
7761 909
7644 7586
7947 3636
8154 2797
3872 105
7290 632
1127 2434
6526 1861
6361 1628
2123 1338
9373 6073
4021 9300
6897 9126
5552 9971
2416 4822
3604 3948
4347 6021
8529 9908
7146 750
2984 2004
2758 7732
1184 8738
1323 3992
3311 8668
5989 9368
1760 7794
619 5902
8232 1021
91 2955
8310 3753
6457 2231
7459 1823
2924 5538
4860 3874
4083 433
9747 9757
9390 4760
6139 1359
8793 9744
8352 9395
5578 6910
4243 618
5517 4158
1680 8094
443 4731
2746 1473
3516 5696
2927 7707
2854 8239
4234 7093
5503 7662
2818 8812
3219 9870
4884 9469
5537 8927
5235 4302
3130 2830
6801 7120
1725 3794
6122 8621
4719 4725
5170 6809
6750 5686
5602 8120
9144 5158
1217 1444
4883 6325
4870 4014
7635 3039
5350 9290
918 1835
8117 1686
5996 2944
5905 9466
1335 588
7805 217
10000 6392
8064 2137
7554 258
1851 8007
1274 2029
1885 5950
6135 6578
1493 3105
7042 9508
7065 5303
1088 5103
6104 6326
6768 1582
7302 9772
6187 667
7809 9927
6252 7320
4017 761
1919 330
5506 8116
9909 4778
2390 1867
5671 5514
5256 3779
5649 2897
4134 3834
7107 8309
2478 7401
5385 4427
5949 8386
4941 2323
8278 3166
999 6969
6002 1954
5487 6610
3156 5922
6980 2084
4589 3579
9925 4838
3507 769
1287 577
7380 8384
4658 3912
9095 12
7618 4720
1805 5535
5232 133
9856 8882
5700 3936
8839 6520
9540 2304
5321 2033
1303 199
8307 2174
2988 119
2232 4391
8501 4370
4989 3968
2979 4269
393 9208
6095 5307
3045 3991
5026 6264
2629 503
609 8565
4220 2194
6891 6143
2206 5645
8688 9102
6566 6940
8932 8009
719 9524
7661 7858
4638 6012
8508 2553
3829 5952
1344 8453
4201 4028
7664 247
2479 6338
8060 9422
9834 5294
8012 4225
3383 1679
6473 5134
8937 3662
9909 9916
8565 6750
6329 6097
6898 2838
3324 7791
6534 3435
6184 452
9507 9143
5922 8469
8663 2462
8952 5613
5378 908
8031 5786
7688 2370
7929 7003
1093 4038
9579 5160
7070 7969
996 3218
5500 999
9835 3828
8486 4823
4480 6347
6016 8908
1367 331
2578 6933
5592 9981
2879 7490
2142 1385
2779 1563
8744 2467
6520 7155
8663 7116
916 3499
6531 1926
3731 7114
1538 3971
5923 3385
2075 3820
1039 7544
4048 8049
7732 2985
4449 6000
70 8244
565 5564
1251 3760
4215 1520
4776 8304
3315 1645
3193 9446
8845 2987
3093 7331
6396 3641
2260 2195
2573 7037
5119 9160
7111 6837
3670 8216
496 4109
8911 3437
476 5431
1494 3435
4189 4735
6485 4352
8187 7634
507 6440
3829 5391
6604 9621
7318 1482
9810 2315
9246 3007
39 2141
5809 1990
1919 9723
213 4323
4455 7198
3391 7559
5399 5675
7119 3830
1318 9656
1038 9792
4778 7822
5275 8589
5214 526
6131 7756
3315 8266
580 5826
4698 6441
7458 7126
2644 1789
3123 4320
3080 2238
6692 6353
7188 2575
7930 6871
5258 2648
230 2390
4361 7900
743 8324
4321 9179
6615 2335
9822 8935
7030 7731
2452 5298
7295 1914
6368 6791
5323 7174
4286 8462
2693 4145
1693 9737
9528 8738
8708 6258
9029 2490
8596 8595
1129 7760
3730 2438
5077 7117
5387 4867
6975 1210
565 2712
8571 2918
6064 8538
5574 1502
5423 578
2410 1588
3661 6533
2846 6449
1085 3646
2110 4509
7699 1121
1713 4580
9933 6154
1446 4740
3223 2521
3594 6231
5902 6149
9772 4481
7597 7071
921 6280
2103 2131
6366 4038
7842 9535
7013 6364
4822 8374
6179 2585
2880 1482
9337 4510
4111 641
9957 4272
386 9943
9514 9002
7480 6022
4612 23
1975 7128
1292 7666
5603 386
697 1701
5641 6239
5017 3396
6385 1974
1130 8852
9736 372
57 7888
5140 8223
9781 3977
3008 8981
6437 4803
1504 1804
9118 1302
103 1571
4959 5285
1853 4691
9583 3473
8397 7592
9292 4002
7398 2339
4063 8167
3494 6260
7148 8608
6159 60
4126 1424
3873 5675
2430 2116
1913 4307
4828 5188
1606 463
3894 8127
7920 8806
684 4981
6083 5174
7005 2702
9839 7594
9453 4474
4050 9891
9256 3184
6577 3988
5924 654
5454 4471
1859 2706
7107 2288
1927 9824
2000 9089
2921 6456
1489 3469
4693 3150
2827 1910
5569 5862
6892 68
7288 2363
360 4680
7777 332
1066 6433
9369 1955
9993 7254
5550 6434
2956 6685
1336 6044
7056 2080
6977 7104
3685 7676
8738 1647
7254 9613
2972 8928
8081 3072
9829 2275
7733 6065
3224 7266
5740 3037
1156 2057
602 1413
9290 4344
6958 7786
518 2923
3108 9941
4386 6871
1900 7669
2234 4125
301 6723
2756 102
92 953
3521 2130
1622 7223
3196 2428
5215 2094
8729 7121
5706 248
9753 3734
6435 6992
2591 4863
9626 3195
2868 3660
5132 2055
614 1078
651 2637
5251 1729
3273 7213
4556 9281
1562 2048
6229 1054
7634 8997
801 838
7844 7619
9289 6872
2809 618
1236 9122
3369 2169
9728 6701
5227 73
4987 9989
7053 5749
2533 4974
9737 8522
1798 4633
7145 1929
9380 920
9730 7418
5727 694
5082 7107
9780 7722
1503 401
2907 1260
1984 1872
2159 6587
431 7955
4243 4234
6329 2064
4977 5153
7838 8293
9623 7730
8753 6577
8982 5332
6335 534
6742 4748
2032 1445
4200 6541
2211 4767
5653 6078
8091 9230
9773 2653
4269 4982
9167 2044
5106 999
4364 7078
1147 3287
1790 6221
3530 9654
3811 1803
9976 8283
8192 8400
185 7809
5990 9597
5837 5700
3534 7621
8854 7666
7758 2757
8422 8955
6898 4735
7212 2708
988 6065
8449 3568
7344 5544
8747 4903
1529 2689
2298 6282
3059 2295
225 8852
2380 8362
8456 7338
9700 333
9051 6747
2712 5431
4506 5878
3018 3311
6572 5824
5653 2828
9983 5609
9362 3120
6462 2069
6882 1230
5256 5145
5512 265
813 1712
608 9560
1430 8283
4562 3030
2857 5641
8225 8527
1261 5329
9816 7087
2377 7874
420 6337
880 7473
9353 1305
7234 3606
4624 4327
5075 6352
8571 4338
4349 9423
4338 6344
4368 1434
3368 3477
8875 737
5984 4821
3231 1966
6186 7970
973 4634
6879 1464
7388 8250
2311 8341
5065 3577
7341 9736
3564 8515
9761 8477
5696 3915
5618 9690
7367 6409
8870 1072
5209 4094
6831 8295
8460 7459
7857 2008
6449 5435
9251 7266
6763 5634
6966 1269
2407 9253
1648 4316
3503 6086
1180 2992
9664 9245
6614 2642
5831 4425
6290 873
1894 5340
8626 9832
5067 9909
8644 3890
9415 4570
6127 9172
8806 6875
6948 2526
2627 8259
3848 4894
5030 2618
5571 2579
3926 6824
3304 2800
6585 374
4076 7030
458 8256
3545 8219
9427 2350
1399 4829
2707 6723
3258 112
3426 3094
7013 3365
5676 671
6533 8980
2754 725
7180 4445
9911 8878
5706 4266
9175 7764
5082 2789
9701 737
2323 6057
9282 2219
3533 5067
8911 647
8723 9229
5789 5735
7315 4799
1314 2952
8167 8859
2544 5722
2810 5932
9853 3017
1881 6908
5679 7939
6644 517
6447 7067
9073 7754
7650 9318
1531 7775
3731 3256
2171 7351
5120 791
653 4374
3609 1710
7129 6564
6088 7309
7185 3387
2681 9003
9947 611
8258 228
2900 1532
2001 9863
8295 6624
559 5792
4557 5456
9476 5002
5183 4359
2545 2649
6326 6448
9793 4637
4833 4285
9373 8923
3649 6279
7189 7289
6278 2180
1 6188
2653 980
8503 2165
3496 5144
2310 2214
7008 3809
542 6760
378 4730
4460 4461
7998 3343
9884 8717
8403 5352
7827 8142
9044 5030
6203 4464
8655 2410
8757 523
5801 1438
7612 5831
7352 9875
5949 6594
966 278
6337 4477
6393 6118
4443 1184
7370 1345
996 1334
1059 6865
7887 6966
5349 4125
702 2295
9101 7290
7030 6790
3400 2535
2358 1820
4034 765
6933 4179
1714 1795
1711 6769
4724 2555
9792 2079
4227 2470
1627 4825
9587 1773
683 4761
8630 8793
8004 4289
3667 2927
3223 8631
8051 2874
6233 9660
1008 6097
9434 6301
2731 7312
2711 8870
8774 5007
4313 7359
6551 2711
3748 7035
6530 4439
1797 4037
5848 1018
4475 9601
674 9831
4724 664
654 1535
7959 4432
4156 6631
8919 4171
2465 142
7519 8922
2392 7764
1532 3235
8414 5903
6158 2920
3485 2344
2817 427
4578 2451
4305 667
6030 316
215 669
3868 7593
1298 7431
8363 3941
4108 6418
1860 6410
6481 3006
8431 8717
2476 8777
7807 1002
5534 3972
1781 7490
550 8990
844 8051
2788 3068
4393 5904
6376 4551
1398 3421
6993 2772
3621 6374
2819 4625
7769 3093
3403 7606
1541 3077
1407 3728
5577 6227
6523 3306
6604 1444
817 260
519 3122
3655 9600
4945 5009
3771 1484
2992 4068
7040 4712
1166 9116
1254 3891
1312 8877
4775 5219
9240 7708
375 4975
5976 6127
1482 5464
5457 820
9323 8103
7674 8997
670 1023
7411 6832
5522 4440
1434 3128
5311 6242
5989 5600
1456 2220
8101 7236
7799 8519
2225 524
9518 86
9113 5821
1550 2466
3244 9332
7430 3560
1539 9
7676 8682
3779 3108
3318 4345
1076 3661
1578 2707
3567 2840
9186 4203
4066 7995
9548 9979
7695 3350
3077 8438
2620 6756
5695 5266
8437 1201
619 6217
8505 688
8987 3419
3602 2217
9014 9165
9797 662
1851 7386
7170 118
1851 5533
9951 1164
1035 5028
6248 7410
6252 4379
8847 7062
2050 7754
190 5954
1790 9980
15 7864
935 1655
8072 421
2187 4833
2603 1034
5942 2534
4757 7477
2880 3823
542 5991
9437 3786
1371 9182
4694 9578
1262 8682
6161 1670
1829 2242
9647 982
6167 5460
3072 7801
2455 5559
4847 7305
6351 8140
8325 2005
3218 1915
4282 2610
8722 567
1457 4180
9533 8222
1447 262
2183 9227
8007 4152
4125 4916
530 5747
8220 1232
71 2695
5165 4503
8001 3839
9153 198
9387 4116
4196 4201
4099 5953
827 8823
1186 3890
4607 4361
4881 4751
5671 5689
5298 30
8115 9650
7 3132
5721 8495
6945 6217
8529 2870
9292 2682
6043 4640
9168 3314
5414 8411
265 2361
3680 7875
4145 7968
8326 5712
7771 8406
6006 9590
7131 2672
5243 8583
6800 1099
201 69
6190 8716
1307 8828
822 8082
1000 2632
9890 9950
811 8679
214 205
6229 9071
858 5743
5711 6743
8525 2063
7744 9131
3110 3635
5597 4063
5920 5293
1795 7910
3186 4577
3464 2073
2829 3898
9998 5941
1105 7038
324 2662
8705 507
7587 7029
9252 6201
9846 564
4142 4844
5405 4595
2286 654
1570 8021
7782 7324
2583 6919
3861 2472
5979 9082
3420 9113
3551 5302
7807 7577
7471 8546
1679 7117
6418 3218
7000 6820
2739 3354
3464 1845
1454 6996
1278 6193
2244 2517
6578 1467
6177 3284
3668 5538
6042 4304
6794 8894
8115 8859
9509 3923
7766 8627
6741 9868
3737 7323
6185 7165
2967 6677
2871 2569
5042 2018
4073 821
3574 8473
6319 2978
7924 7937
4220 4272
1194 1898
2950 8718
4619 8305
1222 1610
20 391
7633 1986
2796 1060
3091 6603
2754 7990
4643 2861
1821 7303
2377 7803
56 1333
3772 678
7567 6031
249 3867
8326 5862
3258 2795
7511 291
1218 8378
1378 6335
4948 76
1934 9136
9418 1123
285 8759
3994 6770
447 1290
7037 3347
9423 3869
6591 7905
7956 9043
1263 2958
9005 721
57 4816
1682 8568
2413 3953
8728 7583
2707 3010
2099 7853
6837 9624
2775 6516
7832 3554
8813 3191
3418 1589
702 9694
8641 8266
8378 7070
975 1616
5276 1639
7946 5778
9905 1441
6323 476
3917 4124
7004 2468
8773 9867
4200 8680
9263 7800
5066 8929
4206 4356
6666 9055
8858 1094
5492 6236
6363 5896
7446 4874
2256 361
8479 9921
4129 3212
5561 5638
126 989
5719 9333
8669 5817
8297 2695
8194 1068
5596 5695
8303 3045
9863 1260
2789 4604
8488 3964
7346 2776
548 9320
6975 2283
6388 5590
2604 9120
8620 3704
1594 6149
164 4996
7875 9850
2326 6304
3272 8635
8581 6379
3312 4980
1224 1872
4190 1120
33 6926
9891 5512
222 5377
6564 6570
4428 5860
9124 8935
6829 4318
5928 3119
3611 5450
6583 5254
5685 3734
7195 840
2085 7160
105 7992
7066 911
5803 3827
862 8486
6016 8645
2846 8389
3052 1535
9763 9068
2052 1490
8830 5799
7167 4773
2112 7623
7700 3599
4866 1699
1515 4313
8110 8353
552 5594
2608 2635
8991 3843
6750 1280
7118 2629
2961 167
9295 5652
2541 1179
1564 7541
8638 6069
5727 1398
5658 7884
3868 5764
9064 4548
9097 5742
6265 5786
2649 9111
4786 5312
5167 733
4008 799
6666 6558
4518 1097
2651 5229
9707 5749
6234 4732
7365 81
5595 3548
3267 7887
6221 3531
9701 2950
2113 850
4947 129
261 4815
1805 2439
3355 4281
1773 474
2764 9993
9480 3435
7201 2966
8397 6732
6483 418
950 632
5692 6172
7766 2892
8051 6622
7562 1607
9235 9126
4421 8128
7862 7503
3232 7832
2203 5
1931 9392
5281 6184
2317 5052
3237 9327
8243 4211
252 1501
5705 2446
8890 7680
567 8199
4002 4583
2506 1715
5867 6324
9353 4898
3097 7304
5031 9060
499 5435
6091 1285
8011 6945
9317 8362
2683 7047
1321 7399
5823 9440
8430 9262
793 7723
9274 5103
9948 2599
925 3345
6100 6016
1340 649
6155 54
7055 8535
8371 128
3432 9220
6096 998
2623 6428
1632 7465
4768 8230
3475 3913
4448 3777
180 6555
1227 8807
2966 6100
6491 5596
2041 2057
6634 5958
62 4162
6150 2431
130 5648
178 8171
6867 9125
9927 2281
5105 605
5776 1848
4579 3086
236 805
1342 1275
3738 1692
7524 6832
290 7682
6622 3764
8149 5787
4033 603
6415 1400
1645 777
3619 8689
7605 8882
7862 4125
909 1027
2745 9694
8406 5211
7242 6009
5462 7591
4404 7329
4384 5398
3147 2303
3316 7438
7810 7100
4387 5407
4574 7885
6827 1793
7675 7017
9746 7327
7409 7903
8643 4843
1256 6148
3627 5230
3533 8629
7966 263
5335 2797
8851 8860
7729 9051
2356 1883
7589 3808
5042 1847
5924 6224
5561 5868
2058 2246
8858 1166
8030 9659
5986 5382
7216 9604
842 214
7189 8483
1267 7131
719 2093
8966 5759
2452 3175
8537 8612
316 6162
1626 1722
7838 5692
9895 6664
5525 2311
6713 2226
1348 8189
929 6674
1644 3676
8538 5894
561 6562
9119 9219
7615 1901
5088 7247
786 8812
252 6458
9415 644
7482 5517
5329 7531
8555 787
4366 4142
3041 3336
5396 7988
5053 4385
6073 4074
9124 6559
5041 5945
5804 724
4671 8807
2663 3940
7040 8949
4161 5173
9653 5532
6093 5910
7702 8038
4766 4933
798 5482
5143 4847
561 8122
8620 6168
7630 6161
1191 4202
5986 7342
3509 8876
1015 8244
4775 1109
7028 7163
4288 6921
6213 8110
2057 2832
6206 7907
3498 1947
3938 2768
3407 9688
1893 1013
3758 6018
7663 2051
8259 4926
9398 8857
5681 1779
1547 7378
5879 7705
1629 8871
18 7768
5271 7481
5203 9779
430 6370
8410 8804
7395 7897
6332 8958
6944 4392
6461 4680
4908 2758
5274 995
6858 1984
3407 3762
9103 3800
123 3233
6372 5715
6252 5715
4308 6039
550 6162
7794 7004
1413 4344
3804 7165
2950 6966
9507 5179
7358 549
9857 9697
2884 4766
2061 5892
9500 6454
2464 6890
5861 6966
6948 8956
2281 7164
5953 4675
6585 3430
5866 5568
2546 3758
4972 2072
7216 8378
236 8643
8563 2543
88 377
8264 4109
6116 8239
46 5481
477 4903
1131 7800
657 5850
6804 8571
3194 6186
2052 2907
2515 69
5489 5443
8391 9301
2708 2064
1224 4859
3596 9435
8149 6568
4439 6499
6491 9790
921 3211
9727 527
7669 8422
930 1462
2418 5429
6754 1893
8129 9779
4176 4406
289 5965
3779 8806
8941 8388
8028 718
2628 2986
6749 1368
3794 9286
1145 7848
290 7958
4660 1078
4563 3980
211 6360
5569 3548
1067 7283
7109 2204
9930 6792
24 893
8203 5024
552 2643
2918 9419
5945 8691
4618 4300
3201 4987
2644 6722
7085 1397
5681 7264
6648 226
6592 4504
8962 6222
1300 3831
3219 781
4827 4301
3576 424
4128 3938
3479 5854
5433 2574
8514 3103
6291 4581
705 9956
5668 8857
9588 6410
6134 8596
598 4013
8239 5927
8132 908
3260 4390
9751 6256
6916 6896
2191 2135
4422 3222
760 5023
8396 9814
3442 6477
2219 2992
5857 9548
4366 9129
9638 5982
6544 3114
8060 55
8437 6005
2785 1961
7649 6559
8733 9441
1958 2827
7309 3689
8782 3985
8007 9087
9045 8916
802 5405
5066 2900
6313 358
8970 9889
8085 899
8309 4662
2282 9355
6688 620
7046 6631
2939 4455
7382 8426
2898 8548
1997 9262
235 5350
1086 7294
422 8087
2112 392
3234 7913
9553 259
5636 6746
1846 6120
2764 1198
1894 5684
9840 2935
1474 7510
5887 7290
8027 7876
926 2289
7655 6189
2797 8709
5156 8645
9308 7342
4432 3350
8854 1961
9705 1121
1860 803
9739 4863
8180 7046
6942 4149
5431 796
8853 8032
6286 1522
7546 7758
7295 7804
4722 7565
5437 2144
1622 1886
8902 9830
5871 3024
3785 3585
4172 6122
3487 4320
5193 9210
7354 9079
8580 4732
2953 5893
4039 3310
2696 2166
2955 3644
2979 1236
3188 7879
4140 3666
8457 6016
2100 4371
7779 8777
5699 4511
2440 8134
2051 6815
6501 1067
9697 8526
4643 5308
8665 4958
7598 1462
6146 2290
1876 1305
6677 8142
9991 5788
7343 4265
9226 1598
2765 7139
2865 9384
144 2081
8464 6558
3273 301
3057 7576
168 3016
6179 7708
1637 3380
6550 6774
3573 2003
2605 6827
6396 412
9815 3090
2112 495
9381 920
1332 7675
6289 3392
5960 603
6116 7340
9238 2736
9422 328
4370 2963
6913 1012
9067 7498
935 4064
7764 1983
9364 2689
583 5591
5203 3982
7618 6071
8090 4777
2170 2019
6541 5601
8941 3645
2259 2547
861 660
4599 9219
8588 3508
5712 8414
6252 3395
7957 6089
1545 4293
5376 2433
1691 5116
5279 7806
7044 8240
3212 3629
4098 4610
3787 9801
9990 4760
3982 1417
800 5472
364 9982
531 5253
8707 3422
8360 9984
8484 782
2037 5413
3385 6835
3672 452
2414 5463
2509 5825
1687 4085
5909 4181
8095 4534
9590 1235
4672 2738
9374 7717
7006 9808
9619 5504
4745 3691
9234 9912
5627 8318
4120 567
8091 9936
8812 5730
5667 9188
1634 2086
9309 5982
5134 6959
795 8091
2352 3268
4535 2887
7832 2394
8398 7910
2729 211
5824 3279
2499 2187
6698 6727
6668 571
4554 8215
1924 5925
1681 4987
6844 6955
1977 8218
3341 8978
7857 1803
4015 5199
8388 6574
8534 9709
7071 5728
3218 5486
829 1699
2850 580
4584 977
3516 9133
4213 6636
8167 512
7813 3380
9882 2376
661 9052
5094 5051
5624 5745
5095 6762
7752 9727
5820 6452
4666 1805
5927 7902
2115 6021
7977 3057
4928 6885
6997 9247
5753 9674
4285 383
1162 6195
9334 3400
27 5206
2308 5600
3888 7497
6111 8839
678 5103
6478 2213
3291 9064
8608 6009
2677 7328
6654 9714
4114 610
9951 5142
8166 3325
1312 6123
5738 9978
4927 3537
6435 222
3754 7591
1145 2020
2050 4898
6297 779
4025 7782
6353 474
4587 1089
3866 3297
4828 4745
4757 4254
1624 5125
6058 7108
3457 5288
2918 2502
3214 6608
8616 11
332 5845
1369 1877
715 2831
7804 3385
7172 3326
5705 7540
1536 5962
4331 3476
3282 5543
5134 8472
7935 3299
7182 8653
6325 3664
6553 5912
60 9831
2974 1548
9278 2424
4374 9118
6540 3384
4016 714
2053 7381
3275 9568
7223 2228
7566 1566
4619 5019
5133 2123
9171 4368
8253 6932
167 1581
7204 8412
8799 7955
4842 7386
49 1723
6476 3883
1670 7633
1264 5508
2629 478
7602 757
2475 7145
2883 7430
8260 8698
7254 8675
1398 9193
2093 3032
858 2406
1482 3775
5044 6121
4112 4946
1444 3188
104 9905
2473 6669
9454 9745
9421 6843
6613 4542
3806 7282
7443 2591
1152 8833
6637 3057
9441 4338
4307 1466
4317 8895
6816 8492
5408 9425
3825 7245
6941 8210
3695 5262
1856 1954
2590 3260
7524 5167
2692 6454
3249 9167
6649 8285
8763 621
5257 5175
2537 7725
8369 6439
2675 1203
9332 3989
86 1949
176 6957
3516 1676
290 4721
4704 9090
3543 1436
1883 862
1661 4383
5614 8007
809 7954
1218 5662
291 1092
1005 859
9149 8978
937 6172
5893 8777
9329 9332
3850 8250
881 230
2975 1838
1084 9613
5227 114
656 9264
2462 4006
3861 8513
677 2648
898 9198
9822 8631
4 5450
562 3146
3662 5142
6684 4869
3879 6588
7276 8437
7686 5682
6621 6290
3836 6599
4785 615
9323 3213
5960 306
4799 4843
323 2528
7065 9245
9897 6038
8897 4111
951 4307
6887 3418
8832 4907
4295 9772
88 5847
4466 8861
5900 4079
4817 7272
2411 3964
6871 9540
102 9726
7243 5711
2917 9597
7651 7621
7695 9746
8054 5533
6494 9882
4460 8243
2369 5081
4544 6531
9902 1606
7196 843
6476 9805
7437 6886
1721 1591
5541 7090
8538 5048
2782 3461
3285 4249
9260 6716
6593 7032
8888 9601
5702 1159
7616 8637
8605 2325
8202 1162
7834 1472
6883 8953
3559 3714
9408 4030
9426 4580
9893 1689
7165 1549
9171 6310
2178 2530
8911 5707
7856 7902
9198 6837
6384 7604
5518 5165
1844 6774
2806 6948
3711 4290
6027 5546
5694 7379
4041 9461
3427 652
4552 195
8798 2526
9749 1387
8678 7638
6753 3378
8970 6101
6008 187
9397 5505
568 6965
7382 245
470 3143
767 2752
4479 97
6879 6337
8079 3063
8065 7567
4759 8391
5529 6132
485 4677
7551 2838
8369 5813
4328 6173
4288 7050
6003 5146
9100 7034
786 8748
6805 1940
9961 4996
1182 8170
1316 347
2861 5461
9333 2520
2951 1446
9909 540
93 8636
525 117
3313 3755
1829 9461
125 1354
3481 2095
5822 9650
878 3500
7399 4239
789 337
8959 5565
8079 7046
6592 9036
6470 4858
8888 775
7946 6683
8127 1318
6885 3995
5034 720
5591 2315
6508 7123
8645 4322
9794 9100
2838 9037
495 1284
4503 3621
7521 8208
1779 9703
8895 2768
9550 7951
4649 9804
6862 1973
4339 1646
8206 8320
1419 271
1248 1294
131 8479
3475 1509
8787 5576
27 2517
6657 7876
8310 8152
4007 2813
3062 8150
1436 5318
2684 3051
6221 2244
611 1166
6746 3863
7441 2832
6740 1733
7242 975
8355 480
3365 4938
3624 7839
2518 4001
3501 9431
7802 7519
7412 2567
8627 1628
5555 1191
5076 443
9030 5833
9658 1265
403 1294
4410 4424
6251 3913
9897 7941
3481 1082
4915 6645
6100 1184
1251 8859
1109 7398
5686 3808
9955 8214
6552 7417
4472 2850
4767 2332
6854 3951
1841 4084
5511 4097
2252 1181
6417 9430
9477 4285
9627 4747
1281 1481
2154 1309
4818 2582
5529 2661
8828 4302
516 2907
5394 7132
4716 3750
805 827
4285 9051
3798 3385
3360 8435
73 4522
1170 4543
7615 6539
94 3503
8433 8255
2351 7416
4146 7925
6710 7743
6857 972
3023 6230
4597 5720
1315 4196
7712 1603
9184 964
9329 4578
5931 3724
7633 7923
3778 9662
5488 3283
4999 699
3668 3277
5992 4971
3969 1990
8891 9842
365 5696
1521 1079
8107 5961
7602 2411
5399 578
3730 6674
5609 9194
8049 4750
4579 3441
1253 3950
8640 1253
5408 2316
79 5359
1080 7314
771 1949
2874 6697
6817 4216
9158 3342
379 5825
5444 1393
4333 3889
8537 8171
6825 6698
896 2973
8835 5518
3206 9191
5228 336
1875 2682
6677 1347
3086 8912
6731 5356
1882 9229
7057 6465
9767 7443
7227 1079
221 836
2118 4915
3797 8365
4142 9066
8279 6630
6684 4126
6524 4241
720 6332
6722 990
5400 9347
8168 5414
5538 3763
6642 9255
7220 8264
8810 7277
8257 5892
2483 511
1681 8343
4762 5576
3363 1962
7020 8598
6428 5345
3715 9186
5445 5388
8479 521
2052 6687
8345 7478
8470 8031
4058 3496
1170 1680
5636 8951
654 3476
3373 8347
1336 1371
8335 2363
1023 9069
8701 606
3698 2533
7456 8916
893 3215
8809 9351
8615 5002
4566 7998
9484 8423
4214 6276
2175 2041
5246 6803
7836 5797
7858 1377
4892 4303
2481 5292
9957 9491
2969 7264
7514 5593
5621 4178
1844 4011
7884 7673
9994 5908
9470 9431
431 8842
2165 4385
9233 9831
7780 7819
1931 9933
5924 2488
9985 8549
9038 317
5523 1674
1244 6706
3794 2530
3788 6658
5470 3554
5797 2457
6564 742
5685 9175
235 1365
8469 1859
785 6195
8355 9108
1391 4696
3169 3344
2669 7084
6517 2835
794 8664
3763 3157
6220 8591
2620 4930
3954 5137
7873 878
607 1463
9 8557
4763 1310
7099 501
4973 2263
7652 3050
3414 3041
832 9672
6596 1050
3859 8934
6368 642
8770 8859
2045 9778
5928 8683
5216 1577
6753 5985
7671 4519
344 656
2523 144
1510 8232
6960 3922
8457 3475
2686 635
3772 1131
2345 1202
8073 2927
7984 4220
4445 4195
362 9620
6417 8887
8933 5204
8163 8990
3029 8270
3291 3192
5776 8894
8065 3816
8057 922
6271 548
3721 8969
2335 2878
2937 1759
485 2870
9682 6379
1278 8993
371 4923
3323 8156
9281 8221
5727 2072
8865 7644
8450 861
2530 5554
9893 8866
2564 3206
4258 9557
6864 7056
2003 3859
4224 4565
3172 9842
8988 983
1271 2583
5990 8185
4688 6815
9638 5272
2670 3273
3156 2632
1012 9037
9815 8668
5511 7789
4090 5480
7163 3626
7365 226
2609 1311
6638 8703
5975 3700
6823 5923
2063 6908
5475 5784
3766 6049
5760 2756
2696 5922
2857 9090
7060 1662
5867 9487
5944 1762
9866 9238
1219 7324
3481 6713
6347 4251
8448 4466
7142 9487
2135 7960
9877 59
2517 9793
7292 2286
8905 313
9259 9229
6453 7235
7225 3962
7885 1929
9100 836
7136 5089
1766 2514
5047 1394
2605 6230
7262 3030
9931 4799
5086 677
5882 5073
2569 9875
234 4513
3585 5493
5296 2668
8928 4942
4690 4935
7560 9625
7624 7752
6020 9504
4772 699
8927 2784
4290 8832
5940 4253
5183 3076
4153 9152
6599 3222
6002 7776
6461 9145
4260 4632
7430 7321
80 9716
2031 2116
65 1327
5985 3547
5684 2678
8107 1550
838 3696
6450 7751
5432 4280
8064 9056
569 2356
5480 8749
1772 4832
6122 2633
368 6956
8673 4285
9220 6894
3806 8556
186 4319
8910 9597
846 234
4913 8948
8067 3674
9374 5801
8285 7842
6845 7631
307 476
6362 5853
570 1961
7111 1852
800 8574
2163 6526
890 8081
18 6013
5117 6579
7157 2705
6483 3200
2653 2908
316 5516
2340 3196
6801 8665
2341 4849
2352 161
277 1585
1663 3181
667 4134
2655 2932
4412 1052
7390 1177
9730 2587
7849 4199
166 4402
5696 5064
8205 4232
8409 9146
3836 6250
617 4362
3179 2342
8502 1537
652 1132
4661 8887
7309 2897
7734 7795
1584 1324
186 246
6147 1382
8709 8587
7657 4062
9076 8962
1928 4384
3798 3230
6563 2833
720 9302
3356 951
23 8630
6813 8273
8795 8174
6491 1775
5623 5892
5232 2261
7393 9656
1908 1577
1461 3586
3192 2633
745 4998
9215 3976
5119 2961
173 4407
6378 2003
1625 5883
6063 6794
6549 1976
903 5278
3984 1021
8027 9217
2854 6685
2977 5835
4907 5176
2064 7674
2833 1287
3717 5692
6200 2245
8783 9332
8233 5437
2610 6295
1517 7188
9375 8502
6751 1048
1443 7080
6994 2577
1318 9924
5994 6569
2952 6324
4968 3466
5920 1036
1016 4242
5626 6916
6107 2692
4829 4686
5952 9397
4835 4393
4274 3884
303 6130
9666 2038
6201 5578
9085 2601
7419 1735
8753 7598
4540 3060
7354 9948
1697 8018
5991 1761
6799 396
9703 4892
3318 3782
4592 8345
6032 7432
1007 7512
4827 5242
9695 8654
7864 7124
8696 6525
8580 9799
3189 7560
4080 1568
2939 7746
8327 3185
2071 378
4231 9757
1394 8500
339 7517
6707 4947
4298 5647
5889 3211
7886 9692
3858 2877
9318 1487
7188 947
191 4320
2748 7149
9050 6688
8939 8296
3251 6501
1657 178
3331 4356
2151 7494
3873 2922
5317 974
5152 545
1659 6151
843 9472
3737 2165
8265 2874
5605 4757
8193 7713
383 1792
1731 4634
4573 7103
4454 5967
671 6083
8854 2592
7178 3310
5467 1659
4597 7605
3916 4945
8958 640
3182 212
4528 6012
3527 6255
455 6171
9801 802
4495 4339
6072 6140
5928 1063
7146 8898
8478 9328
2272 7044
1383 783
84 9567
1422 1284
6148 2650
2126 414
3084 7452
8618 1556
2586 6631
2397 3640
9661 1066
9715 7906
202 8182
2732 1912
2475 1518
3230 200
5237 3663
8864 1429
6464 7005
7556 9545
9822 672
5041 9798
8918 3095
2926 3684
2746 3878
9571 8256
7114 2062
4301 8525
4226 2437
4365 5406
6684 3578
6825 1759
3584 1972
5412 4350
556 6061
4294 5863
8866 9702
791 4809
8231 665
5552 4622
8113 7927
938 2140
1802 3081
3911 9457
4515 6803
3326 2732
1000 3266
443 4466
8735 4227
2463 1217
3445 4447
8048 8884
7729 5228
3775 5358
8045 4316
1874 9173
8021 5331
2428 293
358 109
7502 3538
2233 2126
8997 1253
4646 2218
1486 8527
8134 1594
1635 6040
2139 7225
768 6947
8796 4587
9279 161
7284 7351
1141 1630
9774 5284
1870 487
9043 8685
6928 8443
900 5902
2341 9774
9217 8499
566 7349
3514 5078
1732 8288
7186 8173
7216 8527
5682 1290
4709 6743
6506 3179
9333 1360
6274 9290
7866 5139
4875 8849
2182 3021
8456 7183
3113 7011
1819 9320
2601 3785
4778 8021
8670 8711
6426 9523
7660 4872
9731 413
1824 918
3670 4479
5650 9943
4654 628
8851 7382
8116 2717
6989 327
1708 2745
6113 4982
8362 7018
8717 6193
8948 1242
404 9176
5869 1128
6109 1243
5452 7286
6005 7616
5478 7366
5332 2375
7384 3558
3183 5515
1395 566
7519 2320
2155 4002
7620 2897
9751 5610
8586 396
709 4930
9198 8567
713 9692
3623 5036
3031 8698
6066 1995
3176 5558
2225 378
8495 7972
1731 1273
6723 7145
6287 4966
5322 8309
5330 8037
1509 4407
8986 5428
1702 2107
9378 2010
9833 5474
8480 4201
22 7606
8643 6054
2100 9979
8322 7672
253 8458
5040 9036
3069 6511
2651 2855
5752 9738
678 8513
3030 1398
5662 1940
6095 36
797 6209
9721 4898
1132 9122
1566 3964
3487 3992
3923 5805
5750 5660
1209 868
4874 2223
6213 5763
1118 5701
7246 1685
9492 4036
7604 2410
8547 3813
9300 3098
458 1638
8301 6648
932 9060
6174 5450
3946 3764
4226 2172
7994 9757
4774 4029
3498 1044
7887 3638
7776 7040
731 8164
754 1064
1204 2789
4222 5705
9271 1159
8005 8664
6170 2080
622 5873
8590 7863
9561 118
1916 5018
5147 251
3091 2314
4496 5650
4747 2378
7580 6317
7 8725
9805 2431
4878 1323
7599 1879
1356 3245
2645 3006
525 5601
8754 1491
993 3014
1828 1390
6964 7621
9901 8185
8208 8449
2788 6018
590 7713
1245 175
8724 324
5623 5168
1880 6028
6294 8984
2562 3582
9597 7954
9611 2424
8625 5743
4229 6810
5664 2254
8024 2463
6158 1288
2907 717
6590 3303
1551 8892
5326 7758
7180 8882
5163 7921
5020 3831
1124 4384
1294 8307
7620 9631
565 2119
3276 2152
8694 2237
359 6507
8223 9732
6000 9394
5575 3110
7003 4487
5716 8722
8659 5967
2828 9075
6596 991
9475 1144
3436 8287
4030 9248
7657 2397
6923 2210
3436 1514
3706 7958
3697 7747
7188 8657
8534 3469
2621 5853
9025 8524
8004 8057
8501 9823
3174 9853
4391 9615
8363 4207
8392 3633
950 610
3536 3282
4878 1399
8773 8425
4628 6121
4251 7981
7057 4479
3313 6557
7273 3871
6898 7273
671 7005
9838 9151
3153 8543
7255 8962
6133 7699
3585 2072
9751 6750
1156 7018
9247 7287
4685 3908
9746 3012
9525 9079
5915 1515
8887 6455
2387 9480
5491 7416
8122 9339
5096 8097
6532 4386
7613 4988
9653 1197
1625 157
6938 7635
3762 4723
8535 698
6617 8172
3578 6633
3289 7082
7971 3201
9109 7884
9158 3713
4040 4334
1446 5198
705 4996
8285 9370
9631 3912
9549 8493
5683 9643
6640 9559
8493 3500
3332 6258
6140 3677
1929 2659
8038 5370
8014 2841
5296 8652
2166 8328
5911 2556
3689 4333
4350 3864
931 9999
4891 9676
9976 1150
7195 3132
1257 8979
2906 945
843 8179
1791 4323
6114 9749
2188 4492
725 1569
731 8552
6625 652
7271 2390
8658 6450
9465 4435
1907 2383
525 5751
7397 2948
5826 3847
1019 799
8503 7878
6083 8080
9628 8364
8313 6272
3402 9174
3873 8297
4131 176
5851 699
2142 5266
8358 432
9529 411
5859 4764
7954 6348
2820 6433
4474 2067
2826 6132
3262 5900
6280 1323
9891 9430
1320 1591
3102 5380
5519 2465
2001 2374
6229 1919
4945 3415
6641 6
1928 543
8813 1354
3639 8157
2883 4948
5746 6799
6383 3151
489 9023
7888 496
6224 2922
6104 2558
4498 9212
9907 9038
4079 7483
4714 8426
6993 1640
4047 2606
2117 6319
8016 8822
9278 6481
5329 5835
8668 1022
1669 9679
6335 1013
7160 5195
5167 4037
4372 1608
4869 5787
6592 9333
1797 8185
8903 9784
8078 2170
5746 8550
1968 4757
9873 2394
7042 351
7507 4808
5572 8403
5369 1513
2656 3572
512 2370
1780 665
5770 4308
7222 5789
2395 1439
6687 1711
2944 4079
3883 5257
9100 6042
3960 2618
1104 9881
3666 9432
9244 2109
9487 4592
1372 7786
7810 5822
2457 8545
4852 2373
3534 5340
1659 1495
6533 5582
5917 4954
4746 7295
6038 3877
718 7109
6727 5144
1963 3760
2801 7218
4699 2741
8946 5299
4596 5885
7298 2732
3406 6133
1105 7095
3122 9384
9227 814
2111 2708
649 5280
8971 1543
5415 2019
420 7126
5025 2316
7330 6316
8069 92
7965 6430
4881 7188
9618 7497
3502 9351
971 5141
8784 965
6724 4404
2581 2392
1883 7605
9142 7247
9888 2087
2310 9387
7826 521
3766 7268
457 5544
8900 5688
1976 376
3534 1173
6653 5436
8409 7336
4714 7922
4588 2040
8943 9952
1398 5403
8014 5684
1670 1450
2170 4765
5629 8910
6847 5018
6460 6113
6 4179
1083 5769
8397 510
1270 3305
5664 8931
8994 9142
2695 9438
3051 9612
5580 891
4818 9054
3669 9563
8630 8476
2897 7858
6480 4493
2811 3470
2800 2694
7590 8446
2159 8202
4837 4903
7494 5916
9122 5139
987 8327
9428 6565
1407 5899
8027 2128
988 2934
3252 7659
2699 6792
3524 3810
4890 9311
1425 9822
48 3266
2686 6571
595 7914
1389 1824
3827 4064
6339 4716
863 2353
6528 8703
7768 862
4383 8207
1831 4679
7230 253
317 1828
9773 5807
903 7382
3023 5189
3553 3877
904 696
6787 8428
5223 2881
1936 2829
131 3357
5406 4307
4240 1423
3721 9277
552 8267
1334 390
6039 4875
7816 8245
2303 760
366 2181
3466 9709
7310 7105
5385 2053
5853 8113
8121 2459
4657 1549
5222 5172
848 6491
1834 733
1415 9381
5831 2050
7182 1176
7920 6386
6683 6581
6361 6282
7082 3238
7565 6502
5685 3055
398 7963
4935 6906
8173 3612
2005 3955
5672 8763
9064 1932
9253 738
7009 3771
8934 1019
6735 2795
317 7798
5417 2178
1755 5226
3202 6607
8109 9356
8568 3105
1812 1418
1642 2792
2575 6133
8282 1031
1115 3010
2917 9187
5853 3804
3771 7779
3652 1334
9130 8345
9658 5201
6389 5183
2909 9391
3665 8557
3090 487
4842 2700
1849 2638
2636 2966
2823 3400
3352 7590
9345 1248
4710 824
4472 7702
1402 7189
79 741
4256 3793
9276 2942
4175 1812
3540 316
529 7471
1062 8679
3021 9499
5286 6066
7435 8951
7260 1519
6563 3788
6767 3116
2082 2348
2095 8312
7120 4499
3769 1829
2696 2022
9718 502
5384 2847
2643 454
7298 4718
6675 9010
4133 3674
9978 6334
2158 1184
5622 7808
3660 5948
5123 5911
6232 2343
9613 3560
2505 3923
4064 1193
9617 7674
8950 9320
445 5899
3739 2087
7362 8797
5304 8970
6442 5331
3712 2856
8089 8485
1434 7981
8591 1170
4781 461
3314 973
1151 6475
127 7662
4897 4938
6301 2402
4890 4668
1598 3033
986 2574
7008 8132
6765 1611
6983 4190
1445 9791
4822 8188
5188 2003
5809 2380
4581 4861
267 5285
1825 4574
452 5438
2568 9648
290 9817
8999 3340
2824 3626
1673 1242
6985 4361
7262 9110
4573 9028
625 368
1749 6310
2444 3991
4996 2884
9449 3220
9893 8387
3903 1702
170 7935
7909 2220
1388 6251
9216 6586
3505 8588
5871 7644
6315 8454
5756 1684
3408 2945
3459 900
1522 5534
9053 1699
7977 2240
2465 413
2030 3687
6608 4866
6562 1463
3757 8103
5771 9624
3187 1300
3929 7950
1787 4531
4733 9990
2501 2246
1380 443
7494 969
8169 2697
2341 6024
4263 9090
292 8270
3759 6716
827 1222
8097 1150
1208 2433
1020 6845
1582 512
4936 6808
7444 137
5451 4893
1362 5790
6423 8794
6852 9285
645 8985
3640 1412
8855 2187
4273 9455
8104 4494
605 9465
7617 6726
6151 6478
1696 5113
9271 6384
7123 5714
759 752
902 7668
1893 9303
3373 807
9353 9326
1999 6326
1286 1981
5150 8500
4564 8089
7548 4454
1501 1447
4407 6463
5892 7581
1428 2542
2821 3539
9026 2918
3542 3392
2266 3889
867 7498
4677 1583
4613 2201
6650 1966
676 920
8741 8296
1241 3836
573 1298
8361 413
8991 4894
3875 3918
7376 9504
1234 7411
1117 134
5140 9611
8008 9998
9189 7390
3880 2384
2075 9819
7398 5557
2953 3990
8510 1155
2598 4066
2464 4014
113 5650
5351 5179
6795 976
6847 6635
8683 5454
332 7292
5820 8848
1262 2827
8940 651
7046 6099
4672 1865
4549 8507
3989 2764
5338 9178
7178 2519
3048 4185
5635 5655
3960 5679
280 9964
370 2719
7189 2293
624 5882
5053 7459
4781 8840
8680 2224
6631 330
1097 9971
1242 8040
3077 7105
9333 398
8113 7463
2793 2501
7716 6539
2608 4586
1538 7112
2471 5230
6745 7988
592 6887
2476 5591
9680 3861
9989 1324
551 2274
8381 2431
960 479
70 6511
5551 1584
4871 5096
6420 5000
859 6086
5319 2123
34 3158
3981 1958
473 7117
8744 2500
7785 9966
5128 5363
2624 5761
7368 4152
4994 2576
5125 1027
1037 8440
1593 6160
7805 276
4160 1428
549 3893
8280 1176
222 2818
9416 8166
1915 607
3749 7146
1552 8144
3446 5761
9571 5437
9743 9997
9581 2294
8957 4473
4125 9862
3648 5107
8257 9455
9273 5013
8530 4378
4259 8881
6282 9513
5360 3494
2311 212
2068 1699
8508 9529
1275 389
4226 6488
4139 2361
9164 2200
7312 4078
916 9085
5532 3436
3381 3448
8864 6753
6576 7825
2139 8978
2379 2206
5080 4180
7739 2277
2970 8743
2101 2660
6326 8975
9651 2924
6308 5081
8319 1397
228 3488
7422 1583
6299 1169
4614 5020
4179 2966
8689 2518
8983 840
6643 760
8294 8929
5146 2039
6242 3893
2978 7079
1986 6271
851 5156
6599 2245
6428 7099
250 3812
9308 6146
6588 2899
3438 2007
6488 1022
8181 7411
1501 4865
5595 9131
3781 3937
1520 449
6706 2299
7705 525
9561 8910
2847 4798
2763 6232
3058 1857
7853 3190
3365 9320
6964 5413
1688 8332
8908 7148
6954 3422
6122 7932
9223 3720
9828 9063
9301 7179
4861 9272
2240 1398
5889 2820
2720 3632
1137 9375
9635 8609
3947 8433
8567 4734
8641 5519
2308 3492
6978 608
9987 4102
7408 5115
4635 2804
8601 1250
4437 4210
9770 9584
8526 2230
6312 3570
2651 3433
2352 3957
6905 2464
2569 234
4389 9314
9691 39
8558 4155
2516 4250
3117 8382
3772 2873
5358 7598
6102 5467
6404 6509
3687 324
3305 1943
91 2553
7476 2261
8493 141
3941 3753
7257 4328
2622 9081
498 3749
7593 6657
6441 1163
4751 9149
5208 137
294 883
9459 3180
1579 133
2428 8229
4138 2228
2873 8216
7649 758
103 1331
1884 9530
2079 5375
2549 9267
7616 9708
8280 1520
1544 9131
5029 7361
1109 7935
8386 1931
8744 1371
1619 9423
6380 8491
639 2403
3886 1602
4701 4549
5887 464
7417 8491
5736 2039
8000 8620
5178 285
9057 9358
9259 7855
7867 5081
2660 5249
9481 6347
9626 4238
6732 9111
2128 3379
1815 7292
1126 1535
7731 3001
9435 3210
2930 4271
9377 2273
1258 5620
5813 9240
9795 9958
1186 6642
9545 5072
7534 8645
9104 9580
4739 7886
5694 7411
6967 5274
2629 4297
9715 2082
783 7666
3346 5671
329 8187
3888 790
4108 1694
2803 1639
1733 2042
677 2069
6566 7772
4899 4340
8119 1378
6405 5476
9900 5799
3303 4123
5181 39
6884 8978
9257 4250
664 4116
4420 4100
4489 6366
7001 5057
606 3222
2157 6297
3208 9473
5961 9671
3396 8356
1053 3455
3455 242
6532 7929
8613 9062
3260 1429
1485 3352
6396 9211
6117 4662
3786 4246
9620 4113
2569 8294
8673 3434
8779 4689
2433 9105
8382 4728
3313 7196
87 7643
8189 9702
1754 6541
1886 3344
9100 2836
5802 8546
4558 5244
302 554
5393 9454
2510 3318
7958 1451
9867 2863
4976 8892
8010 2369
407 3460
6960 1097
8940 3868
9204 879
1532 8119
8089 7174
2344 6112
8671 4424
767 1165
6723 4992
8293 3461
5059 2608
9380 628
6033 1008
8996 8699
3410 2499
449 3637
5625 2928
5488 9881
5362 1104
4187 5744
9381 620
1408 3383
9776 1439
7200 3543
7388 6268
921 231
9661 5142
2045 7494
7799 1233
3129 4448
3220 5851
7867 9803
355 807
8899 6261
5034 644
5520 6562
8156 1912
8015 2187
9996 1719
7254 5794
576 4471
251 6930
2623 8449
7512 9337
9751 9211
9499 459
7889 2863
1832 4051
9633 4498
5090 666
2399 4362
8719 5323
6825 3552
9906 388
1421 3555
4868 5809
4911 5203
1180 4584
5636 7535
9003 2315
9619 9005
8645 4824
4182 1201
1376 8910
4302 5321
7909 9679
1391 7279
2008 9953
4585 6741
6460 2197
7536 5806
5517 9914
60 5457
7387 297
9345 6476
5233 6074
2370 9640
6431 4934
1205 8541
5200 918
6372 8192
9083 6962
3616 3040
5701 517
6392 6161
4813 7902
3883 7603
7161 9090
5008 8518
1738 4524
3908 2653
1010 5676
5 6933
953 7286
9620 6847
8653 2912
2636 1759
5664 6335
7147 5817
9459 2153
1548 4440
3815 6152
1888 8704
3291 1367
995 8940
8913 5604
988 4897
337 5895
2319 4687
9914 9600
7077 7729
4340 4434
9078 8854
1953 4127
5517 7590
6336 2308
7571 5758
1612 4985
137 1256
9033 3658
1082 8178
3413 8408
6748 9299
5662 4967
9385 129
6242 9013
9608 8998
5597 2996
8391 1960
2407 5862
2495 8987
8693 6617
6168 2276
9009 7570
371 6008
3957 9022
6862 3879
6072 8472
6112 9002
2103 9285
5633 6708
6392 2027
2425 257
7173 4562
3530 5734
80 9979
5281 8004
2597 9270
7254 618
7163 1423
8981 5760
3593 4631
1615 795
6845 7112
6954 5082
9761 5868
8830 2564
4268 9099
2950 5063
4909 7695
883 2108
7364 7614
9383 1075
817 7228
677 7741
6002 6957
8037 7318
486 257
4878 6063
2839 3233
2984 9109
6657 3477
1930 3204
3404 2541
2538 6899
6277 2198
7089 5690
5955 4197
7190 5939
4831 9346
5318 3748
2772 2025
4638 4515
6336 6456
2009 1311
4221 7858
4742 1104
9949 1310
6630 9869
7495 6623
6545 6640
4102 309
3784 358
1056 7867
2037 7488
2240 7472
2546 5346
4755 3317
6269 4984
6498 6458
5714 8832
9551 4727
90 2181
2239 7990
7170 3271
7010 8679
9870 1207
9754 4147
6088 1924
9698 8779
3001 1178
55 2174
7172 9431
6840 8296
6549 454
9048 9580
1350 5042
2181 3285
1376 9613
8394 5417
5378 1196
4741 9529
7978 4290
7130 6944
699 4979
4278 6253
1610 8346
1448 8035
4920 1036
8964 3725
902 8025
1102 5174
8010 4819
7295 8739
3718 5049
8700 8286
3172 8025
3284 9185
7803 960
2365 8698
1210 4861
550 2960
7746 3097
1343 3952
6657 8403
7376 7730
7644 114
3410 3554
9299 2040
7045 9217
6348 7224
3474 4000
8385 1222
5313 5902
2393 5330
7320 7418
2734 7912
9730 9425
699 4789
349 3555
908 3955
6958 4191
537 3828
585 8246
9830 3771
2854 4636
4636 4511
7317 6541
592 5296
4210 2461
4167 5007
7549 7940
3529 8497
6000 4667
3405 7754
8074 5761
788 3021
2111 3783
7562 8348
4740 358
8945 4550
7883 3313
1653 2445
524 740
2391 8538
3012 7250
7078 3602
7036 6413
2291 7760
5105 2740
890 4795
8236 7934
1202 1402
9555 5814
7172 7097
5699 6776
1092 9190
227 8678
322 9552
1142 8932
969 4626
4586 4686
1064 3476
3547 4830
1926 8703
1283 4060
7210 2605
6218 4233
6321 6106
3397 5489
2970 222
3016 7120
9233 9913
278 7826
1157 492
8791 4421
6141 8340
888 8552
7817 6571
5114 1642
6924 4234
2597 4588
120 6494
4493 7572
5421 7312
1886 7743
6611 881
4422 3622
9610 7337
4426 4534
9863 6583
3539 4144
9385 8363
4929 8094
8704 8595
1089 4726
7579 8903
2006 1862
7986 8582
5856 9450
4523 6173
8149 3059
9194 4295
6455 7525
9302 3855
755 719
2151 7218
7214 5497
5935 3436
505 4491
2278 910
140 7818
7679 4491
5538 4861
6050 7738
5842 7787
5748 4047
6414 8521
1859 8413
9124 7452
3411 9494
9869 2423
2291 3461
4628 5055
5893 382
7977 7013
3741 2702
5327 5335
1490 4023
6118 6465
360 5568
1240 6889
6250 2774
1818 9864
4413 3292
6167 3372
5842 5051
1647 3058
6679 659
7229 3930
5255 9866
6490 475
6032 658
6642 4023
1524 418
2277 5377
640 8987
3202 3317
8417 132
5106 3396
9666 6280
3908 9753
1679 1860
1831 4309
3168 7617
5034 2888
7035 1491
6724 2603
522 1366
2363 6027
6175 3805
1325 7183
249 3301
5235 9077
2912 2719
9184 3751
4880 1891
2318 6911
8387 909
3175 2138
9258 4529
9889 3138
9387 1327
2224 8897
5644 5544
937 6540
5368 1357
8607 720
2994 7340
6452 4880
7082 30
4072 7713
5551 7699
9448 943
5935 4417
4016 8292
8927 669
1356 1295
9045 1845
6440 7012
4682 5866
7362 3439
1901 9771
2305 4396
4826 6063
617 3350
6500 3783
4500 8304
5940 3014
1089 7370
2230 4910
5471 5559
8548 7067
1903 7754
1606 4319
5804 9663
7714 4461
985 4312
5715 8359
5228 9355
9299 2224
6592 7703
4541 8172
5064 765
4584 5510
6974 211
5538 6431
137 7652
1811 1618
4284 3441
1050 4246
4763 7713
2016 6300
185 7056
6692 8166
1709 3835
1873 6035
4555 5420
2071 2654
5641 2947
9553 4520
155 3759
4844 4364
1864 1263
1704 9750
7708 9059
8099 1593
7969 9141
3908 2407
6651 2850
6967 4167
2343 8879
811 2943
4348 8668
8642 4114
7844 8234
6031 3048
9221 56
4889 2703
2030 2439
8250 8806
8644 7768
4090 852
1216 616
7255 6791
5127 4689
7486 8552
3287 4928
9557 4146
4550 8168
2540 8323
4489 9368
4998 4647
3594 9335
7839 8798
5524 2757
3344 5927
872 2262
5006 5828
9804 6464
9086 3161
3409 7501
9312 8664
488 4037
2172 5938
8493 879
5446 5830
8670 3786
1782 4038
2204 4233
7445 4782
7575 9861
8667 9326
3020 8262
766 2211
7637 9693
3634 2981
2313 8116
6053 4293
3701 3460
8697 1727
3609 3879
3748 2155
5956 5454
5289 162
3336 3629
3668 627
1803 2444
8022 5589
1057 2436
1629 4699
9294 1936
5433 118
8608 9461
1644 183
6730 8105
2790 5868
3930 9988
2792 4055
6718 7626
8584 3967
5052 9898
2638 4598
3435 3879
2716 6714
3300 932
4347 6058
4781 6318
8452 4212
7617 8125
5650 8158
8529 4388
4045 9626
5815 8981
6700 4750
9071 3093
8562 4004
7880 6277
3871 13
2911 4443
2549 3134
4587 8054
1655 4451
9198 9633
4952 2350
6438 7899
682 8338
6897 1031
4982 8766
780 723
1751 2660
3326 3597
6312 9648
2575 4725
9747 7240
3772 2772
8784 8603
3301 9430
4377 1057
6656 2791
4938 7613
934 2863
5791 3585
1877 6138
4674 9075
812 5900
2341 5140
7318 6977
6608 9987
8320 321
9627 6044
4879 6310
7740 2910
4551 8185
3175 1685
3630 6853
8903 5779
9153 5284
6930 758
3802 8266
4308 3039
2810 8389
1380 4217
4102 3984
4953 5105
7923 267
2062 3788
9849 8622
8967 9027
908 9848
4282 9131
9448 9685
8851 8194
3291 9464
3953 8269
9343 900
1334 4936
9621 1166
3340 6115
7700 4429
4307 5572
5786 1285
638 1642
9699 2145
6464 2466
4823 9314
8206 8378
8842 2182
8726 4174
7316 3293
1413 2829
3161 6970
9327 9778
8404 8429
8282 8303
6886 4920
6198 6892
3977 3727
716 5051
4677 1081
4528 6411
8655 5652
567 2291
9122 4041
1210 6416
6139 6877
4276 9130
216 5027
3315 9310
8915 7947
1716 8980
1937 2446
4836 1594
6991 6025
1498 4448
2667 4016
2353 299
6717 4111
6922 5633
927 7431
4720 8553
6249 847
4913 390
50 4925
6709 4314
2646 4435
7786 7069
3341 7862
286 1384
4720 8335
2258 6193
2238 4495
8488 7446
6792 2932
1513 7336
1570 1711
5999 7169
2654 1053
7698 2421
7095 2992
1026 5930
452 2756
9991 211
2224 4475
6788 9358
2134 840
9854 5333
6988 2464
1320 7970
9124 5742
1439 4012
3993 4220
2464 2780
3937 374
81 8981
1607 6718
9418 8357
8120 7808
4651 6524
9404 4848
4099 4953
6849 8494
7190 5629
6612 3747
388 6909
6354 2835
9839 1456
2798 3050
1768 3374
7628 4819
941 4299
3261 4371
4963 7665
4294 241
4493 4340
6718 418
9088 2742
3649 5755
1794 6099
8443 4918
131 5261
3465 8443
3572 6307
9815 3077
1636 108
6468 342
6511 1708
8147 7273
4430 4010
3990 8407
5330 7021
7970 8198
6292 2676
2838 168
6343 7900
5945 3174
4119 9514
6233 3888
8984 9251
1895 2611
5984 3074
7595 852
2951 378
5474 4113
4181 2710
4913 2990
4094 7339
5538 2167
8805 1051
2388 757
9259 1635
4842 2862
3139 9101
9840 9440
3090 2801
2787 8765
6611 3232
7341 4751
5339 6711
3115 4206
4142 2732
4535 1432
1232 1689
7808 8863
1312 3567
1684 6647
9540 2849
2864 9764
7255 3627
8114 1574
7217 3831
3614 2408
6930 26
2848 1106
8574 7949
9520 8875
7930 2811
6398 165
2881 3882
702 2625
4823 8021
5606 2612
9553 3160
4208 6053
1886 3285
3787 4382
3467 8353
9834 3293
174 3272
3746 3604
3350 3804
1325 1749
7520 2922
9567 2021
4657 9607
6040 4715
5518 2032
7224 9651
9048 2949
2364 9868
7155 1954
7907 8406
5752 2208
3311 9197
3466 2400
8355 1006
3748 3930
2299 8030
4892 443
9496 7104
6573 8960
6972 2580
5825 3020
8246 9853
613 5075
4822 4762
2757 9774
8436 1334
8243 6473
4926 4431
6306 5012
9434 557
3284 4149
4471 6428
6802 4323
530 4639
869 2610
7189 1454
306 5045
1029 8552
8119 6411
3099 2763
4618 5264
3502 239
5798 6672
8328 3805
2612 985
8678 7362
6 8515
6709 1185
5923 4762
6673 7950
2859 6624
2704 9329
6494 1812
3823 655
6876 2043
3170 3405
7907 9951
9745 548
9905 8056
5702 9808
1597 629
9529 3834
9984 1092
1795 7470
8131 4127
7463 7514
6668 8107
2603 7950
9674 2144
7796 5674
994 8777
714 1153
7544 3976
367 4731
155 1231
4271 8892
9266 3606
5640 7591
145 4977
5612 271
3803 1295
6337 6181
4756 377
1220 899
4944 3210
3656 1068
3683 2079
7727 7288
537 927
2716 4826
3041 6980
1291 2519
5564 480
7936 4961
2643 8817
8706 7135
7962 7171
8265 9267
1096 3120
6761 9205
2154 4663
8098 8585
7164 6381
6718 2597
5639 4840
5407 3726
9810 1653
8353 4767
1616 6530
7875 7515
7200 4353
7312 9278
5496 6686
3615 2669
5940 2323
4839 4872
1577 4739
6755 9308
7018 2593
7274 9030
1022 9945
1490 6383
5278 8691
3269 2234
6509 3162
8876 941
3889 2155
2924 5075
718 6943
3984 3802
828 4155
2250 9821
5312 9989
7111 7421
8236 842
6633 8780
6064 5209
6528 6683
5271 8004
1012 9351
983 1798
4534 8981
7525 3589
6157 5087
7551 2117
2132 4231
8170 9766
6561 4023
1083 783
4397 2868
8832 2142
7536 967
9559 9076
6826 2109
4361 4944
2355 5659
3544 5142
1947 1722
8153 7821
5885 6266
102 5052
7615 6606
9750 3091
4528 8300
2706 2250
716 1945
9255 4355
3177 1596
6379 403
8058 9111
4594 6050
8824 4804
3429 9350
4936 7337
9058 2504
2574 7041
4478 8680
126 4767
6795 7075
5390 9346
6093 2093
378 8352
923 9477
7865 4602
2365 4879
8136 979
2540 2802
3286 7330
5788 6048
3415 6291
4854 7770
1870 903
5502 9752
7207 1664
3058 7931
226 7509
4055 8355
3829 4379
2420 5451
5736 3203
5025 2998
3040 9493
4041 5155
8537 1853
320 7313
8188 9922
4073 5139
5035 3754
6722 6724
7607 5756
7381 3808
9970 410
8846 6990
9270 3240
424 8512
5127 2878
3624 2840
3644 3403
5630 8684
6544 1960
4446 152
9070 9699
9040 9800
6050 2250
9085 748
2087 5207
8974 9355
9528 574
1820 1412
4871 74
8798 8728
7628 1697
8980 484
6755 3929
1601 2884
4378 3458
400 8201
5305 9938
8096 4422
478 2993
3956 4222
2774 5255
6333 9140
399 5685
3085 1137
399 509
1563 8642
4409 7808
924 8432
249 2677
7780 8141
6561 4861
9969 7533
5758 8751
9067 8908
8900 5083
3296 2876
7128 7990
8888 4972
9690 3475
3114 83
5343 5204
9897 5563
1781 2482
2529 5350
7104 7561
7196 4025
8665 9373
5185 3240
902 5549
3664 1629
4389 9109
396 2902
3068 5563
7545 1576
4034 5042
1919 1675
1694 646
3787 5168
9296 7447
6784 2627
537 5863
458 5437
2489 5621
2545 6371
3100 1263
5032 7536
4230 4800
9795 2630
3782 2727
3543 5440
2137 2937
8105 8761
6641 8794
4279 2404
4381 4420
7616 8130
5912 7412
2795 1022
9824 7338
5447 7149
7796 9389
4879 7341
2752 4842
2487 9648
3699 2703
4253 2846
2232 5168
8328 2428
5921 4439
2094 125
4293 2
2400 5310
2072 2135
5851 6778
9213 3866
7109 8099
5472 4130
1927 4911
4086 7836
1335 9060
8130 4785
6153 3184
1881 8089
4779 584
5485 1742
3145 9998
677 8220
1646 8208
355 6885
216 5811
1373 3948
9033 953
1199 4333
7304 872
3613 5105
9764 3522
7928 2574
5221 9636
5456 368
772 6797
4447 6536
241 8847
2596 1495
1559 6248
703 4568
255 4797
8379 161
4737 7508
6699 1492
8443 2539
3462 6042
3670 7188
3133 6992
1260 1929
8896 7213
5758 3847
6762 9425
1615 5759
7303 7424
3793 1147
8667 4645
194 9632
3684 7047
6049 2833
6683 3031
5115 8519
9438 986
4824 2882
6651 9707
2051 2166
7481 3944
8220 1475
4693 9304
5393 6968
6849 8924
3242 3995
2409 3454
2742 175
6318 2555
6630 1145
2009 756
8211 10
5190 9035
7653 4237
7074 7925
1298 3894
4787 4428
5315 993
4858 2559
8543 9020
9410 6774
1104 7310
6432 9782
5503 5720
9314 2006
7154 6789
4178 297
251 9333
3425 9077
46 8288
8465 3544
2007 4511
9895 2379
7946 4496
3806 6748
8090 6295
2116 9563
3802 5521
2461 7128
9458 901
6702 6864
8173 4094
2145 1884
4101 1105
9047 8092
1883 3361
7960 2954
7337 1441
6233 1074
9716 7149
6211 2794
6374 4032
5685 9294
5464 4100
9328 9523
797 99
7810 7346
2326 7520
3743 2754
8470 5622
248 931
347 8208
9227 9092
124 2429
6365 3960
7194 7596
9122 1303
7925 2912
8108 5169
8039 73
6686 9515
1861 5323
6388 166
5207 8130
2173 7142
810 9526
6546 569
7083 22
8857 7267
842 9358
8186 5164
278 1626
559 9838
369 3028
2162 2225
8331 4017
984 8503
9387 8112
9325 6673
4604 3154
6598 8440
3074 1133
3654 3548
7266 5653
2317 9038
1432 8192
9248 7773
9517 442
3778 6524
1080 5332
4693 56
3476 1890
430 4289
6923 4389
9087 1905
8908 6087
2831 1565
4884 737
3415 9253
8532 2592
7603 7544
887 351
9251 3701
1740 7327
7632 7858
9948 8803
8305 6333
4668 7526
4479 3567
1937 7956
4952 9600
2082 1487
9511 2329
1224 733
1862 8695
404 7387
1330 5456
4380 3766
1087 7938
5062 1670
7156 8264
7637 7113
1907 4316
4657 8353
5032 5669
4919 8405
4708 7586
8250 1466
9120 8839
3 7976
3511 3262
3906 9813
4272 8543
5623 6241
3668 6251
9420 5381
5194 8931
879 3944
5151 3091
8157 8922
1568 4184
7005 6229
9224 2557
7362 9333
3464 848
1125 5237
206 8550
1907 4330
5773 106
2220 4262
1775 57
1889 4563
4189 315
9113 9003
9530 1622
4862 2029
5145 949
3738 8567
1706 5131
9762 1339
6132 1621
9275 4519
4250 8773
7926 9652
1019 9524
9923 1753
3983 7883
1841 8492
4199 545
8800 6801
7083 1881
1114 433
6424 8723
2076 3388
9924 3680
2382 3191
6210 6352
3594 9386
8169 6500
1680 8507
8565 4601
8353 5848
6548 2797
440 2593
3316 5550
7322 4798
1210 4008
6147 356
1315 6932
6437 1878
9907 2952
2896 9691
1770 2379
9417 6420
8926 6028
7604 4971
5623 2308
4076 8131
4098 2277
8899 5453
6381 5075
1517 3114
4393 9941
911 4296
9406 2227
5138 6307
706 6882
7995 1682
6103 6798
1256 4676
3988 4106
721 4234
1589 3854
4380 8228
7215 4351
2053 1826
4693 6999
9524 2629
1633 7255
1979 1049
9698 3535
9270 9163
4716 4958
4589 3224
7843 4497
5146 8830
633 8425
7655 9662
1519 4540
3399 8694
8613 3628
9987 4844
7300 9332
801 7430
1820 8657
8848 696
2468 9457
5399 6107
8210 49
7714 6102
4518 7907
4861 1634
682 2350
1937 2768
1447 9811
4604 4493
1958 9094
4321 6091
1361 6424
4664 6861
5248 4412
7189 4495
4934 1408
4055 5977
4905 7145
1727 8173
3870 5488
4620 5495
6718 6866
157 9003
7312 2222
2635 1210
866 2227
7758 2390
964 3337
1320 8689
4958 7669
5935 1821
3632 8674
301 9970
915 4344
6523 4353
7274 8324
3527 2206
5753 6953
1899 5273
6348 8822
4249 4648
973 9719
2250 8838
3618 6094
8939 4736
6413 9673
2835 1674
155 1069
8304 2799
9890 601
7216 4462
3618 774
9106 8434
729 1817
1304 8987
5387 6606
4721 7690
2676 1366
969 9099
7550 5515
903 2546
7043 9482
793 9571
5278 7470
7615 2280
501 942
5258 3677
677 7107
7703 6012
9470 7888
3061 3641
5363 5844
7216 9950
7882 3521
1363 2647
8773 8257
8382 3728
6583 4293
4801 5959
3452 7498
5101 1261
3621 4756
6191 88
5392 1596
9090 2558
5688 5107
8972 5981
1363 2918
9230 8741
3336 7773
5488 3731
6641 9249
92 7326
7679 1463
8 2872
8578 5698
5674 1213
4164 2925
9052 492
208 1490
3551 5724
457 6283
1668 9682
8888 7151
536 7184
4494 4666
4717 5708
1148 2113
2561 1077
3022 2000
3491 5770
8232 9891
3038 6174
9999 3013
2451 3902
970 7257
3330 5120
1668 344
410 2127
4136 5196
3862 8854
4804 5938
9063 54
1659 4356
1184 825
8963 4493
6812 5603
6211 2970
5854 4720
9392 7388
5286 6201
8989 279
3072 9336
5842 4557
8134 4771
4407 5084
6720 7155
5825 3216
5195 4798
2254 190
6969 8000
9286 4083
7741 343
5745 2752
9609 4659
3230 3892
1717 7498
1589 387
6363 2136
6452 1628
2331 401
5108 5431
5385 2381
1251 273
3136 5659
578 1467
3502 4984
1115 3964
217 7437
543 793
1749 5090
8699 8222
9494 2202
6063 9560
7103 815
3077 3674
166 8410
9310 3667
7235 2324
2754 7251
984 7988
5024 8849
6922 647
2704 5831
2209 472
8623 2432
3464 117
4049 8307
3182 6223
1402 5463
8877 2984
9477 9902
944 5030
2637 118
9873 4743
2165 8359
7797 5712
4023 1560
1244 5403
3674 7167
3511 1638
1273 675
3351 5339
6024 6188
5270 3344
9810 1305
7153 5493
6671 1938
1473 1578
1796 5928
967 3161
7170 5657
7385 8028
4074 9646
8676 7247
4696 9844
9595 9843
3475 4540
8789 9175
1565 5752
2003 8432
479 4523
7518 9118
8810 6713
2562 357
5579 4564
6825 3204
1745 5314
2961 4780
7095 7650
9819 2361
48 1759
3939 7567
2079 9915
4081 7944
4044 8299
700 5773
328 235
5555 5834
5090 4124
1073 2528
5141 9687
1634 797
9931 1394
1492 463
1110 6276
4211 2901
2727 9576
2384 2693
6296 1246
2106 4412
670 5219
4058 8642
473 812
8978 3191
90 1844
1605 5131
7532 1754
1228 9357
518 905
398 560
8851 3065
4889 8298
804 2448
7089 5891
163 5356
3671 9639
473 6408
4711 4124
1968 8062
937 5894
7606 3932
513 2069
8993 196
5226 8908
4193 3290
311 5250
7218 4905
6574 3100
8869 9816
1749 9142
753 146
8657 9637
8941 198
6793 2557
8175 2095
1925 7839
9155 1066
8048 874
7464 2927
5824 4946
5542 1912
3757 1239
375 1950
1007 4385
8307 8154
5066 5072
4158 2925
3157 8646
561 889
7873 6626
8130 594
9402 8627
8956 71
3751 9681
6170 1529
9139 8919
1649 7150
8786 2395
920 3917
716 3600
6200 3128
1557 5407
4938 6623
9484 9850
4719 2163
1349 2648
9233 7872
6398 9185
7807 8027
8432 9541
734 9319
1514 1575
4725 5861
1689 4344
6430 5618
7199 2485
1881 3619
483 5876
4654 4243
9798 4531
7801 6694
1608 6838
5123 7957
5582 4477
5434 9972
2117 5452
4328 9445
4889 3572
1310 4512
9467 9289
858 5822
3574 9163
2870 2814
6656 7705
1227 5768
6637 2812
9985 2322
3803 4266
9850 9782
4430 2229
870 7309
5184 5553
9253 7432
7256 3919
188 5910
7204 6834
3919 3880
2868 9379
7108 4339
1725 7601
5203 732
3621 300
1351 9509
8928 2702
8389 5561
8903 5015
2650 6991
2381 3580
7829 3601
4880 2229
8925 6242
9367 6893
597 5836
5614 918
2750 6791
4129 5030
5869 5660
906 8119
5564 6348
4486 2471
5864 8959
986 5450
2710 175
7947 4973
439 2170
3130 207
272 9333
4146 8346
9085 8291
105 6224
3999 1936
4617 7306
787 8165
8302 4831
9099 8993
4894 6295
2323 9269
8637 9569
8673 2889
6906 1675
7878 7610
9151 6550
1192 2403
6621 2629
9630 7138
1354 6396
1582 3872
1082 8564
9841 6060
2568 4724
9649 7662
7680 7657
6209 2907
7686 2745
4424 8382
3290 5650
834 1315
3385 7163
4389 8454
2908 7826
9908 6445
3754 5595
6635 1094
9379 4551
9932 7080
3247 7324
8071 652
2265 9350
1256 2237
7927 2238
8162 1682
8212 984
2779 4436
4018 9081
7236 7021
4289 2184
3913 4370
5849 9412
7095 2854
6291 6418
2662 2447
5541 1507
6047 3908
5777 5257
8825 2282
7692 616
4342 7825
8092 7677
532 2668
2858 2570
4362 7649
148 8215
9799 9489
9517 5035
4543 325
1239 2340
9267 9533
7987 5906
11 151
8351 2327
6988 6228
192 8197
8741 8689
7735 9112
8137 7360
2909 7601
2864 4494
3177 1991
1160 8554
774 7879
1268 4029
4277 7441
8745 2462
6504 6345
1234 8495
876 6213
1287 1127
9971 8515
1453 4208
5796 2025
3328 1680
1361 4357
9634 7601
8123 1512
2447 7406
8926 7625
4146 1987
1121 3003
9477 280
4638 3946
4633 2901
3791 5098
7652 5840
4271 9590
8359 1759
8215 2500
7819 2795
3039 5480
9493 3532
6371 4495
3807 6895
9926 3155
4178 7512
6331 3047
5004 6264
2355 5674
4085 2240
1683 2360
5587 2976
4944 1596
5299 2744
6485 5684
5648 3724
6183 8268
7974 9383
696 8002
8129 4766
7184 8387
6205 4951
4972 1898
2989 4977
9381 1930
3806 9722
3094 6609
9789 2109
3994 1458
8206 1831
5551 5014
102 8972
6502 4972
3409 2889
6248 5579
3951 5551
3324 7895
995 10000
3300 4082
3623 8155
1981 9449
603 3730
6147 2398
8272 963
971 9088
2727 6329
5826 3854
6563 9183
599 848
888 7076
7905 4585
2923 4077
5562 9736
9554 3058
3803 4211
1329 7363
3952 8558
3700 5886
6163 3383
6604 1892
1994 3487
8032 3381
3718 8024
8026 9854
7132 2999
3116 1343
1894 9145
8386 8114
9620 1766
5028 8155
235 6143
5507 9709
8593 8393
8366 6456
7257 6096
2312 8055
6068 6482
5391 1923
1023 9783
2002 3394
8659 5129
7979 7429
7306 4420
7613 2593
5510 2570
4795 8177
8925 7920
9089 9027
8803 2355
5266 6386
4117 6576
3056 1907
5558 8234
7265 5184
4875 677
8143 7755
1849 6749
4226 3122
5807 7350
1325 3611
2892 6725
6764 2347
5003 331
8018 6766
2718 2240
8145 4940
5449 5064
3475 621
6954 196
9492 6344
1182 469
2124 832
5614 7188
1184 1881
840 8088
7068 9327
9542 134
5966 559
2240 6206
843 537
6575 2120
8845 7632
3239 7983
8269 727
3063 3255
3975 9477
8501 6816
5304 4169
2281 515
6262 306
7154 9457
2173 1661
5210 8975
214 4815
6497 231
4157 4091
4550 254
7219 1146
446 5538
7215 337
2786 4149
7916 5996
6840 74
2431 1091
5582 3121
9081 5607
5135 4562
6520 844
1863 9233
2006 8904
4502 6307
9029 9170
5259 6805
1750 4510
5397 7111
2434 9528
8003 8033
2183 4094
6103 7828
8736 1763
2268 3252
6408 7128
4299 1395
1008 7868
4663 9087
5323 7445
9162 525
9940 1116
5795 9573
9936 371
1907 1176
6662 4503
2011 8682
4747 847
3559 2045
7041 4238
2374 5365
1701 2840
4359 2589
9676 2184
3380 6084
1780 4025
9769 5416
1339 9391
5028 7876
3113 5155
2075 6923
469 7679
6950 6267
5056 6512
2429 9648
1682 1737
9309 9997
5571 1965
6045 9599
416 6643
7204 1802
1439 4529
8792 2463
240 1392
8674 9854
6914 6462
3607 9978
3805 798
3563 7617
1837 6142
4726 5205
2167 5700
5230 5723
6903 6149
8094 3515
8296 4084
7820 2590
3153 6641
2739 4706
6689 6584
3083 6379
3181 4509
1919 7703
3741 9190
4271 569
2087 4675
7409 903
6410 1873
143 9352
6791 7692
9214 493
9854 521
1938 1727
1730 2680
418 838
788 6974
518 3802
9272 8168
358 2645
4079 5829
5163 4674
4206 1055
9366 5075
8619 8289
9564 4350
2649 9081
8949 1764
9874 3553
7450 6530
9748 4158
6993 5676
7077 8022
8353 5408
412 4843
4161 6782
1165 291
6276 505
9193 4423
5249 3667
7834 126
5032 4271
7711 7066
502 8236
2710 1935
3034 5768
7403 1348
5768 6583
185 1135
9815 3638
3966 168
4768 7820
4116 7766
3122 1985
6170 2768
5694 5448
3760 9021
9940 8971
1414 5461
8719 7809
3920 4191
6547 5694
9145 342
9757 2765
9698 7068
1875 937
3374 6934
749 932
7155 6097
7219 1382
3562 7905
3499 3373
934 88
2161 6365
1669 5442
4509 8761
9798 7243
8586 4551
9230 4623
5278 8552
10000 7168
3759 1497
2264 1366
9481 3160
1913 491
5141 1135
3149 6499
2498 4492
120 9302
2713 3145
8258 6005
5122 2778
2 2807
2999 8799
753 1621
9181 3663
2917 9874
7837 2414
449 51
670 1432
9110 2109
9635 5996
9124 7025
170 1768
4497 4446
5842 2725
7513 3570
5421 634
9256 5106
9544 7518
4249 9550
8339 6091
5602 9154
8441 4039
5041 3686
5622 8948
6459 6146
8613 5155
5520 6437
2994 155
2737 1350
9984 5427
7895 2671
5167 1720
7960 2502
832 551
7887 8467
9512 9550
1106 4237
9460 4955
7176 6455
3277 6308
1016 6935
7714 9171
7484 5672
7001 8282
1136 6351
166 7572
2708 4289
6090 9454
6595 1020
691 1942
9657 5066
9587 973
8441 7418
7398 9448
7113 4058
3132 6351
5977 8294
2612 2425
6318 7268
1913 1607
75 2222
2987 4731
8401 9010
9733 9286
6484 80
2866 5354
7534 5780
1584 2616
5632 6365
2759 5307
5731 9444
59 8830
268 3221
4402 3463
172 4068
4321 7687
4999 3627
8128 8298
2537 2462
9891 1828
9102 2739
7623 5762
7106 7706
159 5598
8751 7735
1139 9568
5901 4906
7301 727
9510 4894
9412 4260
8305 5125
9654 2913
596 8251
1903 7575
2351 3974
2268 8569
6793 9029
6790 3745
9452 181
4926 4613
8963 584
3860 9907
1752 4892
1962 9816
2076 3655
3515 2035
3314 2600
6246 2163
3961 7909
812 5584
7403 559
1534 2673
2937 9808
6515 7611
1337 9098
6464 4774
5246 9668
478 762
6466 4499
8788 7247
4319 8980
3240 7173
9260 5516
3371 7409
6359 6801
9434 5120
6970 3683
5465 4991
1345 7183
9923 1322
2589 9883
4099 3520
698 599
9227 868
5487 7121
706 3539
4619 6162
3544 3870
708 3733
1099 7014
5021 7400
2105 8053
7559 5857
8472 5103
225 696
3561 1436
5348 8441
190 6549
9141 7921
6019 2285
1938 1301
6818 9034
2245 747
2738 4790
9383 6155
3914 2299
6629 6411
7826 4411
759 8565
1723 8408
8930 5962
2676 3435
3405 7061
5059 8879
7046 9838
5052 5975
8835 252
8982 6263
9984 4445
8444 9831
1983 2811
9115 2868
6917 5262
4074 5460
2821 9583
4878 1085
141 9750
6699 7876
6013 5125
6040 3468
7576 1727
4176 8187
9956 2745
3492 8566
5309 428
133 5386
1319 9233
9048 5920
5633 7558
4747 9359
321 1287
2654 3104
7171 7441
7792 1504
8391 386
1636 9854
2392 1795
8716 4156
9431 6581
3479 9146
4128 213
6906 1940
8984 5553
6768 292
3812 8611
2616 660
9147 6250
1512 7979
4862 9488
3442 3324
4091 7487
5986 8848
5356 943
5569 4664
3138 5888
6809 8348
6531 5538
8616 1638
9936 4475
7944 7452
5050 1198
8119 5530
7362 9393
4645 7078
1479 3625
2905 8899
3652 1203
2563 5706
2397 6708
7790 504
3758 7894
9805 9388
1152 3442
2680 4317
9756 5065
4907 1855
3497 8132
5829 5357
2771 4010
7993 8161
7133 672
5899 1520
6047 1535
8685 4175
5084 5935
5155 3575
7181 5761
7960 845
8941 9274
9004 7635
3974 324
1254 9935
9469 110
1303 6441
1881 3980
1521 1729
814 9681
3669 6042
8133 2998
9952 5838
2784 8194
2403 1785
1474 978
4751 1555
5339 9203
4308 6814
9526 9330
3242 2952
527 155
2602 3383
1335 3100
1422 4801
8964 3991
4596 2751
4275 2296
9805 4856
1660 1903
9680 8507
2060 7172
8957 8065
4852 2852
2480 7179
6674 6559
2472 2296
252 1648
6781 3701
3485 4690
1395 2668
1239 8744
3706 4234
408 5107
692 3233
4434 9459
546 8247
1206 8489
7149 3167
8742 1720
6485 9527
2322 3168
1466 85
5725 9639
9105 9681
1700 4171
3258 1550
100 1693
1565 778
2982 1931
5812 9515
3264 9177
2822 7777
8000 4158
5386 1884
7391 9377
4157 4200
9075 8758
1866 4804
335 5482
6548 2770
9115 5956
421 3530
1250 4884
910 9571
8000 1515
2210 9807
2943 4461
7675 1979
9675 6160
2863 9358
968 974
5599 3869
3754 6837
1161 4173
2070 8191
9781 2392
7853 8617
4337 9020
4706 9703
2752 9190
2796 8901
2917 7899
7690 124
2963 2003
4746 325
5172 5650
9065 2793
6623 561
4753 7649
8180 3843
3827 6600
7697 9876
6115 5425
1727 2381
918 1506
4015 1707
7260 7463
9015 7596
1900 4684
494 563
5601 8674
1680 8543
822 4512
3615 8284
8278 1141
3817 6624
3835 2197
1821 5093
9261 4679
7354 1385
7845 1547
6454 7367
5106 2385
2259 9302
6096 7499
50 3575
825 8400
1368 8909
1225 5251
4519 3306
472 6059
3466 7638
3908 3162
2520 5372
7572 4197
7295 3428
7712 5848
871 7716
8024 9185
1672 6582
3747 7350
2695 9132
2181 7341
4601 9988
6793 8489
3964 4372
1853 7332
4833 3535
6797 3393
1925 5193
1621 9305
693 9186
7404 822
2569 7232
4606 7809
474 2788
6208 3404
8909 8039
4407 623
6153 1244
8601 5252
9707 674
2448 7193
9318 9748
7414 1746
2988 7017
8624 959
5291 372
7916 4257
778 276
6269 6952
4078 9207
272 2224
6120 6591
895 3284
5350 5009
9788 9008
1136 6777
5376 7837
8424 3000
499 7048
8553 1820
3996 5471
4137 3446
8571 8881
8268 420
1237 9284
2634 5541
4435 8101
8214 2168
4938 5606
3762 2186
8762 2210
2021 2846
4620 942
7980 5158
9359 6754
394 3354
143 9887
759 4315
1839 4254
522 776
2967 3546
6429 7310
9345 6532
437 4208
3160 481
7592 6263
975 4416
8879 1159
1066 2421
3987 5342
5907 9448
7189 4375
4579 6480
7842 793
4215 4929
9231 3912
5216 8762
1201 167
9061 6167
518 1365
2815 8018
950 3325
897 7830
92 5562
5704 2646
6170 2584
6919 6336
639 8741
20 5017
8187 461
4980 4217
37 1789
8917 3762
5178 8200
6234 5193
5910 9376
75 697
521 2275
8084 9577
5826 1277
6704 2903
7409 5965
2426 6880
1057 5354
7273 8779
6559 401
3765 525
4061 4207
1342 3785
2979 7951
4736 4995
923 4460
5017 6746
8104 6543
235 7829
9835 7493
6937 9361
8650 45
4828 6385
2327 2180
4731 1942
6695 2803
7630 553
5145 4869
7611 139
246 6679
528 4197
4784 645
9198 4071
4908 5178
6180 737
6203 4241
4536 4913
1650 5689
5085 7768
1049 9440
5562 5217
2727 2994
4511 6178
2788 1819
3612 9114
1636 4690
241 2273
8676 6825
6924 4977
4273 6009
7808 7419
8321 8008
9382 7976
9792 1091
3711 2135
5337 6063
4425 7616
1193 9193
2307 9703
2823 9968
5513 4019
5097 1695
3421 3200
4101 266
5760 5921
7511 2598
5288 2300
3973 1076
6503 5685
44 7490
4138 1246
6492 4457
7389 4835
4186 199
5099 494
2952 3230
1236 521
2993 6159
9254 4269
3924 3777
5851 446
9409 6216
5118 2178
4536 1498
4886 1713
7135 2280
443 7594
3696 4100
1467 118
1856 7271
3751 6904
2749 9706
4719 519
2835 2971
7348 1991
2467 5083
9004 5533
3240 5137
9215 6350
6369 66
9351 6149
3667 9601
4286 4310
2009 5116
2554 7871
797 1893
557 7366
204 2911
3530 3615
7011 5412
6251 9902
2491 1703
7416 350
5715 6793
9120 1671
5041 4631
8327 629
4738 4667
7908 5256
8400 1674
4602 8670
6727 9406
7465 4165
564 681
5749 1040
5947 7884
5114 2188
421 8399
3929 634
3149 6112
8773 4312
4408 1221
1366 6458
5417 9478
5973 6758
6880 8050
5382 6660
9749 8075
2549 5262
708 6360
41 5926
554 5538
6932 3077
3832 5412
4719 2766
8347 6483
6986 7152
1254 8794
5529 1647
9024 7825
7819 9345
6618 4337
2983 9816
114 5124
7049 3006
777 4415
494 5392
9187 8516
5003 4166
8896 6906
2456 7546
2055 7147
4463 4329
7297 8081
6896 4815
1207 6449
45 6135
3891 1560
5555 1171
4244 1559
1952 9988
9730 4334
5662 3637
7902 7621
8496 4299
5230 7272
9940 9974
9217 5680
5756 1458
2834 6627
3031 5973
8854 6359
3219 368
3776 2794
4814 3293
7806 4590
8243 5002
2332 4023
6960 8523
8258 9795
97 8041
2526 3460
8613 9491
6171 6996
4565 4395
88 1297
8518 2749
1155 2876
2089 2027
793 9290
9837 3777
7200 2578
1651 9354
7236 1225
1796 8361
6356 5689
8660 6186
7226 5352
5189 4166
6881 7830
1831 3801
787 567
1493 5707
8243 2406
6886 8159
19 8681
6734 251
5451 5863
7169 6988
7918 2512
349 1663
9630 8844
9526 2810
7356 3803
3181 1233
3404 791
376 5387
7431 964
2756 9449
8744 93
3125 1804
7012 1661
2768 7184
7387 726
7453 5260
2778 3472
6263 1870
6361 1143
169 1045
2672 1045
5183 2825
2195 6734
9675 6820
3907 3144
7972 906
6920 9333
561 2113
9458 4669
9473 1039
6320 9055
4601 4019
206 5730
1127 1723
6143 6097
3990 7013
9730 7071
3160 1606
894 663
3910 8427
4792 196
4021 7634
8312 5674
7359 5939
9735 9015
2025 4459
5732 4962
7217 2496
609 1860
5021 6814
9556 7745
370 5755
2953 3019
2591 3140
5401 419
4032 2223
5255 93
3131 4588
1957 5411
9756 6953
1556 5477
3235 1383
7691 8203
6168 2350
7759 2999
6529 2695
5760 1642
9219 2741
2317 2819
2231 2640
7554 567
4218 9278
4784 1724
2120 191
1106 9649
5126 6725
8523 5997
950 5179
6150 6256
5219 9310
6723 8661
4006 8127
7622 7196
8555 5365
1181 2338
1161 74
3833 923
4743 8078
8833 6029
8454 7620
7344 2542
4488 131
9371 6010
2679 1747
607 4624
8345 2854
3793 9620
2450 8817
9731 7485
1611 9398
1035 903
3758 5435
9314 8861
2886 7491
6631 4993
4245 669
1537 5985
1357 5039
8273 3580
3369 2525
6397 3925
3117 6973
7267 5072
4283 8186
5149 2915
5139 2607
6538 2142
9570 1634
5187 4394
4777 3387
4877 6073
9124 1608
890 4617
9237 9582
7891 5586
2540 2975
167 9593
5294 2305
7706 6695
6889 9559
8488 5169
9986 3422
7576 1149
1667 8231
5922 860
2385 4639
9086 5686
2318 8535
8438 8146
3372 5515
8572 9445
3671 1278
1705 4392
2263 3522
8758 9730
7857 2467
1735 8619
989 7921
403 2073
4640 637
8402 3087
2034 2565
3372 3404
592 7040
7392 1684
1539 650
2616 5391
9976 5301
4024 9748
9540 3005
6170 2041
6963 5053
7010 9137
7096 1556
5601 3888
1119 9984
3435 2503
3223 5196
1265 2410
2728 5521
7027 2987
8177 7031
8404 5962
6188 5797
6670 5491
9017 9713
1793 4691
8589 7773
4809 8358
8448 8453
2639 2373
9611 8955
5130 41
3979 3783
1387 2054
2055 905
8138 7846
7689 9929
4400 7001
8986 9592
5864 3435
5039 1918
8020 5171
7369 3414
7157 1594
1107 1605
6839 7967
4310 5133
6566 609
9324 8504
9993 4464
4559 2022
9060 8734
3757 5907
4448 5549
2604 7441
6894 5020
4946 8945
3813 9249
1845 9838
8750 5409
2620 7049
6318 3409
7836 3252
532 6126
3188 86
7 7407
6175 8250
7903 3580
8325 8343
9770 2324
5389 9853
1523 8459
5732 6425
1457 3142
3614 5478
516 8722
42 425
4794 5596
1387 9515
4154 7954
19 931
7416 5660
9719 9206
8400 7657
7911 4367
738 7165
7461 3521
5791 8390
122 128
3758 4897
5811 318
1190 4404
9261 5132
669 9876
1125 4696
6622 7219
3933 9746
8972 8206
6250 859
4126 7924
7464 2217
6753 1595
9742 405
1451 7309
7844 1026
4165 9252
8582 5586
6481 6334
7251 8926
3699 331
3537 5148
7248 7517
6631 7713
3623 3272
821 2210
3076 4194
7338 694
2755 4476
2 4544
928 5706
7840 4993
4612 9971
456 2643
5127 2944
5752 6554
2180 3337
1715 3833
7800 3380
958 9110
5620 9957
8332 4749
6531 4362
2466 2609
8393 3960
5698 2168
3510 6311
9717 2140
1323 9011
959 1620
8514 4376
4085 226
1789 2813
1449 8289
5736 5505
2320 5151
6514 8673
3823 1772
7115 1901
536 9376
1741 8734
3829 5732
9688 4845
7311 1206
2159 5124
9070 9597
3219 8760
2747 4485
1543 7027
1311 556
6220 3179
6739 1060
1899 6489
8912 6038
7417 1221
6640 5906
6172 3167
7060 3210
1035 6689
9568 2042
6903 6661
5427 9809
3536 5939
4990 7424
7394 5114
2880 3523
9997 959
41 3371
2004 1636
9358 1667
74 4475
5930 6474
7953 4047
3921 2909
6958 259
2155 6320
4454 2923
5907 9906
6079 6706
4073 7523
4059 8353
9348 7290
8053 6511
6894 9202
6368 219
9536 1522
8251 1976
4208 8667
9990 92
781 1758
3238 5746
6023 572
7591 9738
6514 3419
5604 4947
2465 2824
8184 6368
5772 3244
4481 7984
1536 8224
7253 775
69 6466
2886 2532
2424 1334
1925 2683
8307 2079
5564 1809
9515 1603
6434 3145
8885 7167
5189 6033
4018 7514
7767 4164
749 6325
4948 9619
685 4033
8150 3305
5271 531
6557 974
3796 1136
7688 9807
8457 4080
4544 8745
4622 7788
1389 6184
186 6107
9082 3011
666 7220
5257 424
909 2826
3132 9023
2170 3717
1517 8273
6047 7238
3013 539
1344 3989
7226 4655
624 2921
4641 6010
2977 5391
4736 6440
2813 8733
7587 1519
3621 5394
4310 7164
854 9677
3648 9855
4514 7455
281 1218
9206 8856
3153 4484
1832 3881
9410 1306
2188 1402
9103 8846
9710 8624
5419 9047
8162 9362
2988 228
3874 8216
2992 2708
9525 3960
1030 2585
3486 2316
9188 1533
7460 4129
2412 4273
3403 3440
141 7287
7631 8346
4041 4444
83 9840
3687 8952
681 307
9629 6884
1250 587
2931 5728
8189 5648
5066 716
6603 5721
6797 727
9699 3704
3496 3530
9971 6286
9066 821
7593 3371
7744 1988
1410 7344
9291 9068
9595 8544
6776 9873
6709 8902
4354 8498
1000 6886
9259 8133
3185 9179
2861 3698
3189 3714
1285 1192
7798 5546
9797 9479
1997 3910
2692 2269
8588 1285
2545 3501
2903 1227
1433 4648
5683 3506
5995 3673
587 1276
3472 1576
3464 1596
3077 5462
8328 2967
2136 5106
4950 6520
3523 6591
7207 2132
608 9410
9397 179
1158 6310
8798 4404
601 8602
652 2690
6858 6218
6624 3724
2158 768
4674 2443
3479 6205
6763 2066
5298 5784
4263 4175
2880 2941
3228 3367
2923 9156
8077 6608
2021 5841
1686 4450
8733 8241
8192 1760
3839 1869
4613 948
2174 523
5656 2023
9587 4731
4263 4538
8116 9317
7978 605
6951 5789
339 8471
8194 6488
8235 4003
8989 4913
6674 8766
6804 1806
4447 1324
5504 5954
2412 9691
2161 9953
9048 8505
4021 1122
5158 3536
9603 2715
9564 5590
7196 5588
5330 4652
8097 3386
4621 7196
2967 6022
3432 1113
2824 862
9146 8741
3544 6546
5616 3793
8011 6674
265 3405
890 9886
7275 4313
7254 5620
9428 2256
5101 7316
8406 9802
5982 4782
4112 1184
9967 3538
5911 6480
5777 4859
6627 7617
6833 8869
3247 5843
7228 9320
7229 1021
7984 507
581 871
9349 8828
8631 6052
1677 6229
7109 4634
5571 2830
7562 9096
8717 7547
7696 6391
8491 3297
5516 9115
1879 7097
410 6454
1874 4060
6307 7764
643 5415
8421 7730
1315 3766
6937 3788
9519 2489
4602 504
6327 3974
6374 9064
442 6355
4253 8092
2658 8444
4867 7013
7743 6183
7797 7036
5560 9864
3562 5159
1423 3315
1255 5237
5584 8344
2688 2799
4744 6744
9546 1636
3747 8922
9740 3321
9752 1151
7788 4719
527 2740
4170 8914
4210 5024
8097 6198
3415 2801
2741 5292
9803 5898
9981 4507
7684 3168
7588 5946
5350 1680
9053 9583
64 80
8661 4245
4080 3616
4147 7723
6817 9122
160 9453
9870 7688
4990 1304
7715 986
5185 8614
9846 4920
6886 2081
8487 8783
9356 5792
9899 3601
1984 2331
237 8305
4017 1907
5591 22
7421 9708
4025 7707
4658 7335
9127 6485
6720 8904
9859 8258
5067 3440
3869 2087
1344 4961
9023 6826
784 2236
270 9542
9433 4907
7151 960
1282 7356
9296 8107
844 7767
7245 6542
8983 7277
5563 9441
4348 471
5088 3344
4972 9525
9533 8905
8385 3067
9634 1343
8205 2758
4466 5673
2204 1548
9866 9933
8385 2645
2745 7483
2366 4245
2645 7725
6999 6845
8770 5418
711 4845
2672 666
2873 9901
2534 9791
2756 81
3156 9312
7622 9907
3136 3845
9085 7715
279 9191
2131 8323
180 3233
3820 7752
8259 6409
92 541
322 6092
8177 3113
4012 261
2823 6034
85 7258
8907 9124
9368 2397
3976 5502
642 8824
5091 4301
9940 8204
6115 7089
5004 956
8012 8896
5295 378
6877 6980
9066 4707
6272 9340
4115 6746
8416 7813
3997 3017
6582 8316
3203 6765
3635 35
8983 5730
212 5929
6861 5000
9000 2357
535 9569
6139 6128
2681 5455
5531 3691
3636 162
2288 8242
3866 9376
5003 3484
8291 7576
5214 7045
2270 7428
5832 2839
8119 9116
8726 8548
1242 8999
6709 4994
917 1134
4803 1156
7148 5922
2737 8423
4593 6760
7735 440
7130 6208
2756 7129
7327 8397
3780 9745
4406 3932
3987 2671
5395 2591
6956 6113
6264 7039
8867 2512
8980 2430
3622 873
7369 5814
7899 7653
8081 8424
9163 670
7418 1434
243 8965
9188 6728
5139 4477
8593 8373
6922 5995
6647 2847
775 3587
8121 9392
4266 9954
6099 4717
9063 4901
2993 3630
1243 5384
7599 8475
4243 4054
1332 4039
4709 2280
5856 6263
2220 4682
8290 3987
5536 10
4063 3044
1062 8338
6722 8838
4661 8060
298 9459
2948 2274
1701 9125
3841 6543
2618 2225
7552 1658
9549 8700
5231 3145
1968 4482
7965 1690
385 7737
2989 6486
4196 4358
1703 3314
4048 5026
2152 4056
7943 2735
3169 3456
9852 3008
5 2827
4019 1372
3290 4607
6503 4401
955 1995
3240 8901
6426 5467
4648 9608
6112 9432
6205 4316
7217 3651
1666 1940
919 4237
9832 2993
3413 500
1713 3038
677 180
2731 596
658 3068
4811 828
5720 200
6747 6838
1458 3486
4604 587
1129 7290
666 4891
2793 9591
738 5374
57 6927
7511 6476
9840 1215
4040 5508
4511 206
5575 3828
4797 5346
4210 4929
1197 2413
367 8039
1079 5648
5277 4417
1281 3637
8031 8215
5965 5681
6059 8069
7565 7750
8849 3633
3898 9235
5377 1354
2196 2686
2092 8736
2735 4214
8526 5658
8978 2222
6786 2468
9721 4187
596 5013
3614 9674
4091 9964
9916 3455
1494 5738
693 8876
8745 6528
1507 7833
2911 9309
8195 1379
5814 378
4142 44
4955 467
6954 2787
3985 6687
4285 3021
6360 2726
9485 1878
8679 8171
8152 9625
4932 7736
1511 2779
4911 2228
7491 2206
619 1669
9560 6388
7614 8140
7934 6471
9306 995
8735 5068
8700 7295
808 883
9248 2824
6359 4263
1743 2490
7693 8567
1469 2500
9464 6879
8313 773
5129 107
4488 1417
1269 6919
6143 7265
1960 5876
6864 6354
7690 9611
6380 8468
4486 2349
3993 8405
5305 6610
1304 5013
2363 5726
6224 2659
2467 330
7553 2979
2775 8118
7368 9872
4084 2576
2148 4286
1275 4148
1380 4760
2032 3050
338 1325
2199 6566
3283 2100
5260 3171
6048 8976
9175 3553
4082 6806
611 7551
7329 938
73 5495
9506 1731
6910 8108
3730 4738
9361 1008
8363 1458
7533 9932
9930 887
6508 9544
9704 7562
644 3988
3334 8125
6443 6818
2966 9164
2242 57
6724 4585
5325 9576
9121 8571
2104 3722
1501 2788
2382 6075
5261 915
4184 371
1645 4034
3587 5289
8547 5015
3274 3159
1499 9351
5099 3821
3799 9474
5475 4506
8745 7770
6689 8263
1854 6599
2551 2421
5543 3408
9592 9974
3005 1964
9790 9022
8440 4201
5315 462
7784 7052
414 5557
3602 6379
5886 3592
1992 9597
1021 1048
4071 7437
8989 5521
910 3052
4501 4567
7473 9323
1499 3734
6179 1042
1447 9687
75 4392
8464 8672
2600 7709
5034 7846
3769 8349
4116 2514
1228 3579
1651 5007
8508 4999
7571 7642
2429 7363
3878 2641
3536 172
2291 4753
8816 268
3021 518
3318 6396
1206 9459
3637 8598
6569 508
272 1350
5037 3020
515 3498
3708 7217
5437 9336
9362 970
4875 1258
1034 6041
9250 4496
9670 6630
9286 7939
8565 2270
4045 854
1675 4194
4694 6267
2802 8021
9377 739
3118 5372
8107 7756
8006 8843
5959 7003
6428 1518
3322 3892
5791 171
3066 4429
6588 5155
9782 7349
4365 5134
4250 8000
3722 9060
6902 7467
5142 6898
8498 2332
1029 1465
5854 2938
8011 5461
6687 3018
8221 4972
8761 4663
4460 2587
7451 7651
3187 9549
8078 1064
1552 7243
8682 292
3351 4515
4174 3602
240 4875
4079 2307
4870 6306
8270 4233
5714 4433
5763 8042
7371 914
529 7384
4230 6667
396 550
9291 7438
3951 5341
6315 9552
3196 7946
6853 5518
5092 8453
3125 6492
5769 848
8970 7917
5663 7421
3643 4001
3704 274
7972 5943
4306 8933
4541 43
1636 3726
8502 2140
5449 7042
8695 7972
4715 7576
4244 1049
1804 2631
6018 6581
6563 9145
1198 2892
6179 3642
7365 3177
2281 8040
9400 8295
2894 4284
5442 2954
7533 2190
2847 1319
7698 7324
7883 2013
4250 2752
770 5098
2896 2069
4847 7637
6271 6079
4438 6892
8802 8679
3339 1628
5771 6432
4879 2127
4083 2135
2557 2112
3025 286
3192 8647
9044 5499
8654 232
4973 2159
633 5940
339 1631
2653 8736
5105 4262
3945 130
4886 2011
3500 9843
7087 8271
8517 9366
2008 5633
2443 4272
9553 3198
3852 512
8384 7924
4414 6577
8957 7823
5181 847
6292 2401
5037 4091
3949 2669
4824 8198
6755 6819
7382 377
160 1219
5523 5459
4571 7348
5650 2786
6395 5465
550 6954
6220 9017
8487 7969
7777 7923
2257 4592
9214 2540
6498 1683
3758 156
3447 3832
1945 7875
1568 5492
9872 8044
9450 8940
5597 6856
8083 413
6862 3702
2838 6199
9201 5270
949 2546
4687 7877
6722 1018
3949 5026
4067 5926
9298 540
4254 5989
880 570
9182 484
6506 954
6715 7386
5352 2221
2001 7822
6100 1071
4749 6446
7552 352
8437 1612
1955 1268
7250 1576
3710 5749
6058 9427
9270 790
2923 5487
9355 4787
5981 656
2325 4600
2571 9215
9993 2336
3114 3505
542 7836
7134 8471
5830 1033
2754 8990
8870 3747
1300 8091
5353 7027
6712 1699
4985 6678
1383 3390
412 1987
9747 185
1526 918
1264 9713
2414 9455
4349 5269
4825 3065
5242 7578
7034 900
2477 684
5187 1787
5780 3139
6297 8016
8074 1634
821 5584
3358 264
5952 668
6077 3537
6646 1368
4060 4156
6973 3001
2836 5244
6546 2336
4612 2027
1873 352
9810 2502
9694 5932
7800 4533
5273 3805
2029 8116
6065 2512
6983 2684
9560 4188
5016 213
546 1560
685 4408
7867 9183
7705 9805
10 284
5787 8409
5237 7565
6605 5782
4326 2607
8925 3195
731 4538
7553 4443
941 4878
5499 1186
358 7162
6379 9752
3864 238
9743 7909
6631 7200
6612 734
321 5797
4122 8615
4458 1745
4770 6677
9529 8729
2646 3844
6966 17
524 2470
5927 1537
6400 2069
2079 2123
720 4730
7507 6628
2671 8334
6666 8170
9088 2660
1422 2980
6872 4713
7696 8792
92 6533
9730 4906
2620 9898
6082 8122
8593 9417
735 4487
1008 2568
5385 4295
6040 1347
6781 6325
1633 793
4634 2559
9919 2107
7733 5763
2780 9993
618 876
1143 5694
3015 3200
5313 4817
6754 5536
5978 7755
6785 5755
3031 7887
4522 596
9195 533
8744 9851
7853 8788
2614 5417
6435 2328
322 8285
8314 8098
4348 4737
9365 9531
4875 119
7038 2049
9559 2176
6282 3744
3249 9102
9992 6842
4343 1269
2182 1561
2481 460
1116 1343
9394 1052
5788 7436
2146 4079
3512 2792
9386 8659
4696 2355
7975 2293
8994 6402
9754 5872
7424 7331
3565 2247
129 2987
9418 7134
4020 3278
1022 2249
7664 9600
7680 2255
6604 5047
1070 58
1282 4156
3451 5464
9750 8856
7717 9561
2133 6101
3785 9264
2122 8445
5132 4298
8759 2450
5707 463
1574 5505
3817 9660
7368 7994
9262 4418
9615 5494
522 470
9425 1073
1195 6130
4693 3474
7932 3096
3642 8818
3175 2650
8871 7498
3811 2113
1174 9185
4207 4841
1134 2194
3437 9721
2826 3609
3051 4908
3156 835
5433 5738
3727 5360
7752 6314
305 5665
3900 4985
6035 1345
5567 3023
6815 6065
7710 1175
7370 4843
7137 979
9354 7987
987 1981
522 6054
5744 5549
6848 8083
7125 147
7978 6469
5329 1062
5491 9617
4171 8485
3969 1392
7290 6612
286 9585
6283 4855
6730 6537
5387 3826
2283 3141
6173 9052
8280 3055
4785 3131
3666 3628
4108 2352
8851 7837
7359 5918
1344 6540
2895 4600
4700 9025
1502 472
9130 8133
5936 7148
8964 8495
4756 6975
5404 3018
5342 6533
4085 3880
8935 176
8370 7089
3929 8503
7845 8573
1162 5327
4167 4265
7178 830
7160 6218
4684 4587
9764 7846
6018 578
2835 2391
9993 7972
5901 5597
2504 5547
1939 4587
6104 4896
7004 2550
7027 2893
8203 7948
8616 3597
6117 6297
9836 1581
5682 5288
5748 3122
2305 8586
6887 8882
8122 389
2715 8031
4648 8811
1044 6238
9464 7825
7790 4288
5223 1212
4990 2767
9966 6074
8745 5717
737 6465
2985 3565
3478 5615
5990 4411
9425 1435
4471 1761
821 3780
8918 9536
2674 9643
724 1420
6022 2457
7735 7718
147 6956
7339 5555
411 702
9654 1778
7028 7143
428 4377
6547 5593
8943 5781
9345 936
4719 2948
4700 2040
5056 4349
3059 1510
5572 5028
9678 7686
3471 3277
557 4836
6137 5475
9746 7682
4124 659
6386 1478
3985 667
8896 5844
4781 327
8657 3562
6929 7931
922 9412
7580 2755
2804 4148
1567 6412
2842 7417
7508 9097
6432 3033
3869 8781
7490 1690
9223 5660
2985 9263
6813 7408
2430 2423
7236 9558
3535 7845
9243 5301
1749 6546
9225 410
3736 5294
3130 5058
6033 2602
2096 4807
3010 1204
8260 4722
2226 4637
8545 9723
11 652
9536 2245
5119 656
1141 4169
9320 9347
7333 5841
9497 690
3328 5060
6673 1430
9466 6253
5366 5886
6580 2413
8618 3591
329 8937
5821 5448
5604 4862
1374 3751
282 4353
6008 5097
5980 8933
8990 117
3660 4002
3154 1910
4764 1745
2024 8010
7417 3448
7979 3002
6667 9243
9537 4197
240 8996
4565 9082
4663 829
2938 7265
8940 7744
3909 5812
4268 1116
3257 3736
9744 4372
3080 7002
5034 1686
3115 9248
6977 7698
6610 1703
9518 7207
2760 7077
4918 1903
7900 3284
8131 6185
7607 4693
7052 2250
9613 1066
2719 7611
9045 1868
759 1746
3499 8271
5649 7992
5079 8481
3405 5715
4157 4278
1058 3350
6578 7879
289 1608
61 6504
8853 343
6667 5040
7561 8956
7907 3511
3686 574
4996 7270
8545 9559
6616 4905
4076 1781
596 8656
6485 6083
3802 4351
8447 7263
9881 7081
262 5813
7308 3576
9377 8421
9781 3659
6657 8662
7859 3895
492 6318
5965 6938
4263 4988
2488 1877
3848 4051
1253 7681
5375 114
1045 226
1463 5676
3671 6583
7091 6998
2376 6008
8887 2709
7766 4506
3868 9831
6548 4948
6331 980
6621 8969
2178 5776
2967 7005
8931 7335
8028 32
9485 6093
9112 8355
286 1222
6246 8653
1846 2780
782 8807
9873 1779
3422 8462
3709 6207
8768 6353
7054 8237
9770 3170
6283 1814
1600 1668
492 9032
4637 8496
646 7009
364 2148
1219 3390
6186 6314
2120 4964
2709 5991
3386 4187
6647 8226
4258 6251
9898 5028
6741 6868
7533 3982
2185 5906
4696 8058
9772 1092
9792 7476
2341 9095
1776 841
7457 4271
629 2520
2266 7606
4900 121
4050 2231
7359 1977
5174 7983
7851 6567
1420 2291
4139 6361
307 3066
2702 1705
874 1505
1874 3050
336 2437
2936 7241
1374 3912
1867 6139
4261 3518
7028 5649
3520 6739
6904 9401
5749 5300
6996 8469
9739 2234
2632 4253
8136 2316
8159 2786
5736 5034
1568 3068
7386 1420
924 8029
422 2336
9425 1538
1735 2929
5394 8304
5602 3056
6245 9962
9615 117
9457 3821
7692 2480
1178 7111
849 3549
1848 5934
298 6804
924 8873
772 9052
289 8351
5868 7037
3438 7871
5782 1752
4471 2410
8064 9830
9737 9372
3241 3912
3733 1871
1180 5675
219 342
1386 1481
2459 6017
3967 3830
7459 2460
1374 6546
4633 86
7033 410
7669 5115
3885 6908
7 7688
619 4837
2160 5606
82 7644
4938 5399
1059 991
8153 313
2775 1068
8522 1557
1630 9408
3366 6091
852 8325
1858 2940
4435 8878
7786 110
6042 1446
9837 8083
638 6125
4782 1695
3715 8164
7798 1695
726 1753
2535 5478
2873 7628
5924 2341
9709 8503
8975 9377
114 924
2074 5114
5700 9561
7821 571
1142 3558
446 7567
6582 4923
1371 1846
3420 549
2656 3723
9535 9456
4771 3994
7452 8086
9793 9071
8637 6059
2888 8428
9423 5292
5448 4898
7533 5912
2716 7950
9145 10000
7633 8358
4049 9526
8290 4364
705 9887
6841 4429
1152 640
2293 5067
7066 2762
2453 9299
3507 5293
2247 9728
3011 4806
4601 2393
3838 9855
9091 6742
9487 6428
9352 3927
5176 6679
2364 6944
9250 5514
6294 221
8079 4827
825 1910
5915 3230
81 8123
5164 6548
2777 1440
939 7538
1218 5628
5710 8359
6240 8488
8953 4448
4505 1756
8271 8455
1048 6625
6373 7383
4177 4216
5097 7969
9948 7966
2495 3463
7989 5808
8499 3574
8032 7405
8271 1068
3894 7436
7321 5552
6620 4254
2396 8571
2936 981
5814 1462
5922 2924
7166 3154
740 3
8039 1560
7645 855
5605 8831
6685 9052
3976 8926
9863 6791
6411 4393
5125 5506
6543 6662
5412 1484
3004 1541
8028 9700
4367 9627
6567 5318
3378 4960
4645 9869
4198 2523
2254 7191
6792 8885
5852 8125
5151 3888
262 1523
3695 9473
7177 1511
4186 5924
1490 8536
8472 2317
7033 3705
6036 614
2366 3909
3483 8462
7252 778
6968 7413
1379 5702
3280 1549
9894 9332
4449 6679
8054 715
4745 667
7631 2886
3350 3322
5951 3253
9588 6230
3445 5403
4961 6516
9406 5383
8948 3100
4596 1101
8115 8960
449 2597
8741 6365
3041 2841
2081 6265
4589 9863
2032 6903
5070 7028
9694 9122
7809 1057
1591 5623
3904 2243
9322 2322
7099 9252
6662 5183
2631 8085
296 5647
1319 33
1141 3092
6731 2436
3129 9357
5392 6416
9011 8769
3812 6734
7009 4898
3998 1853
5861 9139
3885 4256
1672 6048
8995 5508
8342 6013
1015 467
67 2298
8963 6403
4075 8545
4068 7778
2270 2816
1201 4991
1380 6590
2874 5721
4693 7861
9791 5148
9280 4646
9747 1552
35 4835
1964 7504
3852 3483
3197 5237
7567 202
2146 3906
8247 3602
8595 1572
3171 7014
5685 9112
4158 4963
9064 8849
4305 7309
2567 5072
1767 3775
5424 2133
3457 5234
9182 2213
6233 2853
8841 3687
8524 6056
3102 3492
4473 1436
2436 718
4119 5523
7037 1923
3642 2264
2623 6542
5325 4429
9171 6204
9724 3073
5193 686
511 8560
132 1049
3030 6758
4798 4441
9483 5776
3357 2405
8419 1383
1894 8049
8525 5880
3155 1106
7578 8861
1580 2357
8402 8049
5524 8836
962 9203
266 8609
2851 4677
2986 842
2631 6368
6536 9866
8099 3890
8943 5907
6046 154
9588 4608
8681 2188
9674 3491
4452 4518
4745 7685
9075 4397
7190 9473
1252 8662
1012 9322
9966 1076
6466 216
2530 3498
5785 1715
333 3781
7706 6373
8137 5812
6682 4492
6233 2613
6154 5247
433 3268
5418 2664
8654 3509
9082 3917
2447 2750
4237 505
16 6284
8220 2383
2060 7147
2893 9265
6858 2988
9516 610
2559 5108
6174 7329
7695 5320
3738 875
1652 5789
8928 1418
5243 3950
9574 8042
5883 9586
8621 7535
5977 9036
6346 1849
3766 9677
5135 924
5571 1883
4033 821
1599 1269
5152 3814
3261 8404
7283 9384
5483 8331
1370 2773
2868 9968
2410 4649
7806 7871
1697 7431
6750 1570
5864 2343
4495 6633
9448 9784
2835 1134
9064 4516
2694 846
9835 64
5996 5065
3371 7586
1418 2438
3950 1699
4576 3479
1652 2470
4627 1493
3351 1200
2229 2618
5986 1186
3270 7787
4833 6690
4386 1774
5910 5213
613 4772
5520 7734
1960 2831
1317 2834
6693 5289
6165 9144
7344 4115
6243 6425
3538 234
4436 8803
1809 6504
5392 9969
2672 4161
6663 6511
7179 5148
7802 2979
7566 6848
7971 7342
7427 5108
1213 1365
4303 2956
2821 2562
7552 5452
1447 9892
6627 5803
2756 7836
3686 1906
9169 8204
5073 4593
8957 7072
1715 7040
4177 9952
1180 8803
8044 4818
5049 4613
6832 4250
4714 4073
8691 6598
1776 2379
5625 9078
5390 177
2949 8611
7082 3021
3468 729
1713 9016
5272 9609
9344 1777
1155 3458
9047 696
2898 8792
9695 9846
5101 9735
2274 2842
2148 5527
1946 7336
1483 4935
421 9780
3424 1406
603 2619
1565 663
351 8115
5228 8014
2020 9220
8203 7833
6423 9783
9667 5423
1491 7906
3838 1374
6112 4783
3026 8945
2187 3426
3714 6393
9570 7663
2365 6337
6798 9003
1620 5712
1475 7028
8805 7187
9763 3018
6016 5447
7143 4736
8723 5690
311 6129
8617 8263
268 3353
6165 6625
9989 3898
6231 1375
3782 9883
9472 9808
3769 843
3603 1629
5313 2782
4098 3519
7903 7522
7472 2476
6244 7903
4155 918
7362 6909
7847 1558
5594 3304
9463 1088
6470 5550
3874 1435
3450 3346
9577 161
9686 3783
6056 8901
2203 8324
1094 5883
9826 2407
4940 3949
2014 7559
9915 1672
4991 7746
8112 8025
5430 9669
7921 7752
416 2384
5747 5290
1729 9056
6112 2557
2844 8825
7358 9542
4112 8234
6017 5706
6744 8473
9459 8780
5996 8468
203 5836
7119 4829
9289 6042
6583 6469
1099 4641
7055 3108
4043 3867
794 9283
7666 2657
5084 456
1817 5822
2172 4475
5496 3978
7816 3113
9991 8046
7469 9830
9393 4896
2096 3316
6517 7915
538 7052
5550 4054
2470 7492
6845 624
3190 8959
8857 6543
4809 2574
4019 2817
3257 4304
8414 2813
5263 8220
1035 302
6645 9980
9069 8658
305 3119
2669 3723
8232 1494
6150 1369
8011 8623
1472 6486
3237 4596
9741 2670
6674 1269
9596 4555
4805 3792
703 1545
2564 1155
6139 8413
5752 1501
4656 8149
4037 2396
969 3559
9016 7830
7600 5250
681 6093
1647 1349
1952 471
5318 8189
1144 598
8191 5089
1544 183
256 9743
2622 8542
8693 9703
964 8268
9004 6948
6533 1851
6551 5885
1971 4068
2524 4895
3058 5238
4833 1343
8946 2909
2385 5752
9036 1896
8622 2416
1102 4074
4597 8973
6133 2930
3262 9294
8441 1231
639 2168
117 6268
535 1579
6052 5654
8112 6092
4174 9279
5008 8987
8539 5128
6575 3496
2101 9641
1068 4521
1039 2607
5340 5314
3395 3003
7571 9825
6624 139
5517 8116
9961 883
688 4240
7611 2158
545 6728
7763 8315
9023 8091
6593 8354
5321 2248
66 6219
1844 6690
5040 2995
8498 408
8980 5629
4399 6978
712 6415
6976 3752
158 2783
1696 708
5431 7267
4337 8738
4434 3728
7977 4797
9050 3033
3924 4075
7111 270
3627 6492
7271 6104
4805 1545
1411 8051
8285 8925
8997 2558
5122 5411
5610 3439
6414 3165
7555 4667
9923 7201
4488 2864
4294 1877
815 7416
2657 2414
1221 7150
4678 9646
8677 8204
5701 6672
7604 2090
943 1346
2400 1281
1760 3486
9611 7294
144 7482
2448 3323
7297 8394
8525 2829
9118 7022
152 7545
1287 4856
7865 851
4324 2522
3296 4866
6188 2996
9963 4621
2523 4735
1423 1757
707 2400
8759 2
3339 1510
7165 9326
5997 7161
3236 6806
2398 1810
2893 2880
1818 8712
1814 591
6893 1333
6096 4223
982 4179
5520 4227
2156 8105
4158 8981
4501 8071
3760 2937
7498 2607
9451 3367
576 9061
6684 7924
8143 5318
9333 8899
7982 9334
8493 8444
3607 8223
3561 4564
2184 1602
4644 6194
8330 5233
2283 6744
6602 1879
6776 1349
6148 5921
9287 1362
983 695
9966 7699
5461 8257
4516 8341
6516 2145
5154 2949
3803 5409
4622 1078
5654 2723
631 95
7256 9343
9123 9000
8704 7332
2558 2700
3666 4259
5743 7857
9713 3591
8122 55
1579 7077
8058 7001
2353 8055
960 2938
4349 8563
1732 7655
4285 5062
5388 1059
8777 3459
448 9887
2529 1365
5047 9894
9346 8040
6904 3972
1780 4819
1813 5774
3517 5816
7664 2656
4515 5966
2960 1368
3903 8627
6839 6551
6994 7216
347 5724
1033 1668
6473 5751
8338 5047
7272 918
7292 684
5907 6119
1552 6859
7483 1455
8382 8918
8520 2338
5619 434
6725 9875
1719 1508
387 2724
4526 5772
2869 413
1311 1228
2250 4981
2723 8907
6510 8561
5697 5094
9988 847
5271 5334
551 6683
398 7681
7447 2015
7877 1094
7503 3242
8765 2005
2986 291
1467 9907
3946 4116
8671 9701
8436 5126
9474 3705
5098 5735
2203 1950
8698 7565
1267 6255
3214 2555
7102 6785
2228 3592
7605 4191
6913 2017
1774 3262
8961 7044
9257 1917
4307 4543
1053 2334
3999 2783
9448 7830
5557 5592
4227 7671
18 8475
3133 942
2654 4082
4668 3186
5831 6791
4120 2279
1462 2088
5436 5481
1185 8369
3630 3115
2371 2989
8315 8368
8389 1917
8185 4723
3083 5605
7821 7692
5966 9570
495 9221
8151 8882
5625 1425
8107 403
9568 2583
2196 1876
3858 6321
214 7837
8380 7803
7025 2954
8761 8265
3312 2224
7380 964
7292 3473
8533 9261
3287 3385
3223 233
5449 5591
6373 5668
8247 9709
2483 4572
3215 392
1914 4702
6029 8781
7113 1857
1328 4495
5318 6936
7055 4581
660 7240
7779 7762
4285 1482
1496 9427
4504 8257
3203 7484
3129 9615
3805 2876
3192 2376
9437 108
3145 5524
4415 9635
3248 251
5577 4231
5248 6268
8210 6627
5250 3906
2728 7066
4578 6629
559 2298
3346 1863
6863 7908
5378 7747
9464 2984
4556 9467
3462 1841
7370 4522
2830 233
4230 8033
6313 4695
4814 5824
2364 4093
8750 7231
6775 7229
6024 5952
2742 6241
4824 6136
4249 3879
3094 1887
1448 2176
2384 2003
3952 5206
4706 7290
8721 7644
1120 695
8759 7982
4865 2391
7839 695
4733 7148
1410 6330
5874 8854
5274 3133
6882 1129
8313 1319
2284 2855
8568 2965
5597 9228
6812 9140
6051 4381
7603 3613
5101 3309
5581 1475
9515 7854
1600 1381
9086 7932
647 9275
9386 8143
5822 9248
6023 463
5898 6909
1278 6658
5822 4532
4968 7425
6982 8705
5456 5839
2011 3117
7383 5794
1771 4707
3464 9603
1072 6938
9231 7005
3086 7854
3796 2365
8351 5218
2658 6382
9464 8373
