111267811 2084
5704 7926
3527 5613
7723 8980
6360 8264
1586 9893
2469 3095
4538 5422
1545 7612
6096 6370
5613 5807
3231 4117
8620 8624
997 5485
152 3505
453 5414
8872 9185
8208 8651
8880 9720
9556 9814
887 2911
7330 8728
8100 9986
4487 9475
4135 6020
5176 7301
2525 3771
3631 7660
7097 7304
3260 5910
3906 6926
2515 9999
7158 9674
4570 9635
557 9204
7854 8638
4422 6960
3806 6353
1127 1982
5187 5837
7723 8635
9437 9646
3223 9042
332 2790
610 3121
9506 9708
7380 9053
4405 4617
6604 6661
7089 8091
6419 8076
7125 9147
6551 7476
348 716
4917 5767
9504 9668
7634 9135
2121 3872
8951 9265
1570 8482
8537 9278
3292 4351
5478 5526
9890 9946
2470 9819
2614 4195
1072 1138
3512 5850
9820 9927
6036 7466
9744 9836
4380 5863
6066 6923
4649 8325
2314 9091
3559 9719
7844 9795
6918 8594
6876 8813
6646 6651
8576 9557
7436 8312
1686 7070
6988 9344
9416 9812
9466 9707
362 2831
8168 8972
6239 9651
9745 9977
5403 8267
2463 5330
9771 9918
7832 8642
797 7551
4569 8371
3576 5172
3227 7933
1001 3248
4850 9874
4626 6672
1920 7751
9811 9966
1466 7032
5856 9411
6933 9988
9930 9998
2166 4052
7989 9245
9284 9727
9986 9999
3772 7004
686 5607
5892 9065
7427 9062
1080 7342
3637 8346
8942 8995
8248 8853
8289 9351
2162 6393
3060 9725
9884 9894
8384 9013
8721 8862
8765 9147
6809 7119
5504 7755
292 1209
6327 7412
299 1888
4805 8244
1523 3782
211 7117
7868 9256
1181 8466
2683 6467
5384 7152
4061 6907
9302 9946
9722 9957
6282 9371
1566 3306
3575 9208
4329 5372
96 6879
8655 9375
2498 5469
2521 3935
5629 9865
7941 8681
3006 9362
9378 9638
4745 8868
9665 9751
8521 9194
4105 5879
9421 9600
666 6169
6285 7437
2946 8384
9438 9857
6833 7679
599 1674
4151 5054
9527 9978
752 3343
197 670
4953 8167
8433 8953
5788 6163
2871 8928
9292 9479
2856 6383
4470 7988
5030 6022
836 7820
9166 9296
5980 9052
9073 9120
2657 7311
9369 9491
6628 9540
3876 6728
2203 4252
9123 9288
9006 9883
7837 9178
1230 8400
5939 9240
9369 9444
8678 9308
9294 9780
2631 5830
1218 8248
319 8380
3071 9000
3633 7156
7202 8188
7846 9340
2298 2471
6335 9818
6234 9321
5580 5952
6327 7186
6540 6637
1000 3224
2540 3304
4234 9926
7596 7769
3454 8273
3503 6507
6345 7026
5456 8533
7404 9374
9206 9590
8208 9207
5067 7623
1833 5602
9629 9875
4568 8313
9955 9976
5856 8055
1658 5121
7014 7217
5676 7399
3449 6790
9263 9707
7264 7458
1749 6343
119 2452
7706 8730
3338 5831
2607 6412
7216 8569
17 8828
5214 9638
8626 8643
8135 8257
5036 9973
463 8576
8337 9933
2023 9573
8183 8404
7159 8968
7596 9958
9617 9973
9037 9340
4373 5549
8893 9378
1383 9356
7549 8956
6600 7799
7229 8551
5198 5748
6598 7159
3046 3640
953 2489
6152 9462
9326 9355
31 3306
5531 7117
7765 7860
9577 9855
6900 8423
8458 9711
1973 8129
1738 6757
4949 8353
2946 9622
5097 9081
2921 7207
1527 4668
6139 6836
3052 3066
7784 7811
689 5430
489 658
9864 9938
5958 8691
3104 5734
8914 9854
5658 9065
8719 9817
3016 9170
8868 9161
8521 9645
5379 7452
660 8774
4800 7087
7145 8827
8294 9253
6357 9375
8442 9876
9416 9746
2120 2954
5114 9386
8476 9127
1158 3745
1523 1604
202 9376
8999 9161
7414 8784
1231 6499
6358 6594
8555 9544
8897 9588
7661 9951
7338 7704
4664 5568
5461 6618
2647 9690
1086 4945
8921 9204
4723 6208
5227 6480
1443 8855
216 7975
3710 6549
3606 7425
194 5046
9778 9854
1899 3670
2971 3766
8909 9049
9660 9792
8657 8914
9470 9637
3529 3765
4760 7604
7095 7296
2663 5094
3466 9038
3707 4492
1651 4029
482 3534
383 4861
7428 9790
6855 7115
2741 9384
9649 9677
9781 9810
9538 9751
3629 7279
2994 4709
2466 6909
1311 9482
7413 7584
5858 8018
3372 5230
6695 9877
7203 8365
5220 7035
7031 8830
8069 8754
8675 8956
9199 9848
8903 9117
6830 7276
9131 9372
1454 5701
3305 6996
4771 7593
5330 8605
603 4449
4714 4784
3247 6604
4166 5345
2110 5216
4805 8568
1210 9044
6353 7973
4405 8366
422 6019
930 4498
2054 5562
5959 9646
5159 9791
9201 9472
8746 9172
4563 4933
9325 9365
9805 9889
2394 4682
5513 9278
5108 9818
2034 2797
5463 6960
6397 8831
6626 8872
3552 6067
6719 8183
4308 6832
6882 9212
7112 9956
6562 7949
8881 9773
9102 9849
4911 6797
4439 4863
1761 6353
4109 6988
2442 5552
5857 8838
3045 5084
5284 7928
6948 8933
3850 7880
7930 8919
3599 5546
5042 7054
5922 5927
2936 4991
6159 8513
8252 9027
5083 6442
8398 9992
8396 9780
3531 9149
9676 9888
700 4883
4540 9903
6844 9631
2783 7962
7416 8592
3845 5703
5890 9727
9956 9959
3972 6360
5147 7840
1199 8169
7079 8819
7611 9422
9939 9980
995 3593
5814 9217
8461 9337
2942 7146
1957 5997
390 1936
5862 6058
2013 4206
2658 9191
3740 5354
7829 7870
4385 9422
8492 8932
6642 8863
1096 7860
3992 7497
7508 9440
7215 8464
37 7104
9259 9916
157 5898
315 7879
5823 8650
9358 9841
6372 8432
4951 6752
2859 8245
9221 9717
6982 8550
4377 5642
1405 9139
1048 5875
5609 9740
2755 6305
5264 6398
3659 8870
1893 4052
2913 7917
1967 7264
8102 8391
1230 6655
9922 9951
1710 7458
9416 9904
8422 9382
2925 9104
3896 4202
4072 9761
2597 5178
9457 9894
723 7934
7663 9666
1509 1891
5435 7084
5750 8181
2251 5971
7614 9462
3026 4710
8772 9842
5373 6249
6099 8661
3221 6152
3319 3993
3846 4439
9704 9796
4545 9835
7597 8969
9213 9540
4707 9925
4989 5361
2252 5635
3222 4831
118 3570
4720 6358
2631 4675
7932 9251
4514 5916
396 1974
6561 8881
1987 4764
8103 8881
2371 8618
7359 9020
691 7819
8093 8622
6347 9274
9079 9596
5460 8544
8163 9777
9298 9767
5882 6985
7693 9993
2252 2491
7252 9527
8538 8863
5689 9558
2168 4024
2221 3272
8254 9315
2578 4584
6671 8283
8453 9103
2218 9906
1812 3140
4935 5612
7757 9474
5859 9568
8252 9820
5148 8416
8730 9664
9102 9757
1286 1661
1276 1444
645 3651
2642 5359
1253 4092
3430 3763
8975 9588
5863 8208
7437 7474
3440 8078
2848 9080
6711 9176
9560 9655
4310 4909
23 5930
1747 5560
7594 9522
389 4428
1761 9527
585 5529
2815 5155
7234 9958
9264 9981
6728 9860
5438 8874
1936 9805
9486 9746
1576 7894
8733 9366
8937 9265
3092 7965
8225 9088
9428 9757
1991 8678
8614 9457
2494 4821
9671 9757
2735 5483
2493 5548
8791 9417
5577 6681
1706 6580
7859 8760
1193 8403
439 6836
6194 6245
7633 9868
1548 9398
5891 9472
7900 8683
6610 6736
8536 9445
687 2272
5389 7916
4995 5842
7427 8443
3384 8317
4811 4903
1642 3809
6510 8757
4969 8848
9770 9795
7589 7836
9682 9987
2757 3105
917 8089
241 6560
3652 8062
5815 7603
5512 5771
2101 6724
2938 7846
27 8541
3583 9219
7071 7457
3460 4388
3329 7506
3198 5348
3643 4214
9965 9985
7546 8778
8125 9497
7341 9913
2293 9260
6643 7658
4217 8070
9528 9861
9099 9660
9237 9534
4343 6797
9914 9958
2213 8308
3999 6450
4428 9815
5174 7763
7532 8224
7256 8519
100 9854
5196 8561
6943 9852
9432 9481
92 6923
3584 6859
9386 9477
4655 5642
6738 9806
2950 6021
4454 6611
6986 7195
7543 9904
7549 9825
2612 8818
5957 8781
2868 4062
5428 9881
6630 8798
1229 7839
1633 2369
2241 2671
2041 8591
4575 5471
2274 7813
3257 7545
5348 5928
4452 7385
1519 4615
9754 9782
2054 2357
8864 9052
6845 8855
8055 9862
4471 8685
4580 7592
6088 8442
6351 7838
4180 7773
2095 5071
7847 9988
6700 7276
3780 6658
5172 6755
7440 8457
8239 9743
4786 6078
9337 9975
6685 9122
955 5268
7794 8201
4398 9410
1020 6646
2603 3108
8604 9651
7963 9314
6974 9852
1086 4562
1706 6863
53 1505
8704 9743
7795 9948
9183 9511
5816 5830
9199 9958
6874 6942
788 8349
5586 9215
1048 1169
3292 5463
1474 4114
9736 9889
8249 9563
3672 4309
9051 9859
964 5208
859 1213
7689 9014
9726 9750
1291 6173
1305 9953
3797 9871
4983 8338
2479 4317
7624 8090
6743 7161
9195 9660
8637 9494
8486 8925
5223 8745
3267 6551
9040 9648
3523 5094
5660 6877
9655 9678
8681 9272
3587 5674
2277 9914
5709 8403
9199 9569
602 7539
9493 9602
1541 6420
4754 9660
7386 9238
8794 9481
3829 4339
4848 8855
3224 7094
1903 7082
3209 6114
6208 8471
494 5806
1393 6907
3125 3392
4635 6150
4841 7626
1908 7135
8596 9757
234 1996
3199 9091
7883 8192
6511 8006
5378 7663
7658 8327
3473 5810
9201 9838
5737 9980
1940 3765
3924 8633
5720 8289
4417 8554
9060 9533
3065 3123
8298 9266
7658 9017
4883 9999
1016 5952
2617 7869
3751 5117
8163 9545
3941 7393
6808 8167
7783 8213
8433 9249
9748 9983
1234 6683
8380 9140
9999 10000
3692 8031
1359 2732
6893 8412
842 8747
1853 9247
7757 8302
5291 9215
2900 8939
9576 9973
1518 9651
120 8348
4136 9635
4519 6398
4858 8418
3673 6780
1770 9836
2819 3710
3186 4506
7686 8141
6164 7419
9901 9906
3302 7677
5295 7508
5152 8278
4393 6297
9865 9922
8068 9538
501 2079
7444 7735
4018 4486
9205 9883
1288 9123
2645 9857
9232 9910
2916 7713
1339 9517
3849 8196
5432 5627
2932 5174
6378 7836
7051 7686
2611 3389
8595 9699
6106 6552
1388 3645
7592 7683
4147 5141
889 9289
6154 8223
9706 9874
6211 8270
5140 9400
8307 8780
7271 7862
4739 6532
9576 9685
5277 8096
146 7140
9090 9677
4892 9913
8147 9109
1052 2169
5867 8119
4513 5727
4926 5322
8235 9926
4264 6983
8150 8850
8829 9925
216 6087
5725 6762
3532 5526
1678 9533
8851 9619
5586 6172
5880 9358
8709 9987
5458 6228
9754 9926
6156 7510
1115 1478
4396 9912
4881 6045
9683 9964
3241 4298
6515 7960
2074 3570
3429 6162
1940 3989
2622 5977
7120 7402
9880 9998
3147 7307
2415 5362
805 2329
1518 6383
7160 9818
1524 1529
9479 9505
4040 7750
8043 9219
2669 3915
7995 9519
5913 6461
5296 8973
3372 6587
1854 8391
1138 3702
9006 9299
4191 9922
7180 7881
5479 9688
2501 3256
5357 8539
944 3443
8731 8909
6180 7613
9328 9583
7201 9833
4544 4786
5197 5289
2158 7151
3209 8697
7810 8552
3095 5962
5504 7291
5995 6700
6659 7570
4600 7853
3204 5117
7184 7925
7377 8942
24 8053
2422 5308
1835 2950
8622 8894
4678 6452
5532 9948
123 2872
3988 4782
8704 9066
9840 9997
4414 8998
208 5616
6463 8391
9797 9843
878 9730
3036 7686
6080 8510
6691 7656
5465 7074
3237 6195
4224 5270
531 2844
8354 9124
1870 7923
751 1381
7428 9967
1278 6655
9425 9759
2659 7023
5269 6008
4209 5323
513 4415
9259 9813
6477 8629
8652 9639
9501 9654
360 4936
4079 8114
3472 7658
7103 7291
2280 5310
2671 4978
7434 8710
9286 9288
4503 5409
9294 9990
2647 3172
1087 6592
1479 7489
7609 7941
3409 6108
1897 7565
4408 7658
1878 8844
1344 4656
4229 4348
4444 5594
1507 1557
7582 9570
1321 9549
7427 8842
445 7253
737 2308
7829 8848
2738 7540
9498 9511
6694 8659
875 6347
7063 7681
259 5363
8507 8842
3613 5473
6760 9183
786 7210
2558 8129
1043 5797
524 5004
3728 9388
5132 7028
4427 8726
5204 8776
9288 9362
6873 9095
8396 9370
2987 7875
1525 3846
4651 4965
1076 2556
885 1682
7437 8800
3660 6621
3377 5144
3682 3777
960 1962
9391 9686
7050 9560
8356 9353
4260 8619
2143 8219
3561 9065
8832 9860
7369 8401
4959 5639
8374 9669
2543 3742
8865 9799
2356 7108
2341 9973
7621 7842
9273 9744
5308 7362
719 5454
4360 4521
8021 8995
8328 8894
3553 8364
754 2361
4629 8759
3339 4014
3689 6143
3837 5289
9484 9770
3636 4011
8414 9218
5265 7503
8006 9963
7475 9672
2629 8759
5645 7269
2561 8123
3290 3956
7020 8285
9939 9970
123 6723
7638 7912
8334 8524
1142 3075
5338 7886
3482 7910
1076 3489
2650 7786
3820 4536
9069 9613
7975 8314
9273 9736
7465 9282
3876 5722
3389 3623
9912 9925
4704 9373
9833 9914
3480 8254
8701 9894
2697 2961
6747 7961
2797 7857
8417 9858
1698 6997
8260 9115
3517 7077
2302 7011
7039 9498
9259 9869
813 9320
2364 4472
3102 8105
7967 8565
3456 9661
5204 6302
6344 9726
3607 7487
3645 7603
7738 9903
8894 9928
9914 9977
386 3376
1991 9005
5953 8080
2112 2766
1612 6834
3073 7066
8558 9280
6797 8045
9585 9931
8846 9101
8877 9586
2661 7711
1814 8728
8287 8720
5512 8896
7589 9680
4501 4512
658 7877
5319 8529
8237 8425
1696 7424
1263 1884
1908 5953
3929 5566
9234 9386
65 7954
7713 8161
5644 7515
2750 4889
1851 4170
8962 9116
1866 7118
7876 9817
5098 8679
9843 9969
9263 9871
6465 7657
7315 9270
5206 9009
2936 9792
7057 7316
4323 6576
2232 3885
4256 7528
3908 8295
7691 8466
1325 4703
5450 9467
3860 7645
6546 9369
3441 6914
1534 2608
6040 9377
3654 9890
4796 8453
6424 7650
8671 9605
3480 3791
6247 8056
1493 9378
8312 8316
6086 9158
431 5409
8538 9713
3816 5233
1825 4206
378 7202
6388 6931
1079 3561
3054 6902
7538 9489
7847 8999
1603 5472
9690 9994
3841 8299
341 3196
4543 6326
3712 8967
5671 6693
8382 8578
9977 9979
3123 3577
5323 9188
9592 9896
6259 9332
5442 7287
2384 7491
3202 9299
6519 7424
1326 5329
489 2543
5060 8598
8012 9421
2963 3123
1601 8677
6942 8919
9073 9197
3249 9486
4257 6816
5133 9099
7063 9161
2107 2942
923 4366
6771 8030
6950 9957
5315 6706
9050 9374
4912 6075
5148 5398
9088 9399
2671 5937
6111 7216
5507 7982
8871 9909
36 1060
8906 9509
8772 9896
2258 3934
8348 9446
6594 8744
1308 9289
7756 9387
7815 9045
8429 8501
6399 8990
2143 8993
4385 7416
823 1637
975 9732
8387 8461
3214 6327
7637 9198
4581 5302
9314 9456
559 9433
5027 7890
3910 9150
4628 8761
4003 6009
5906 7122
8367 9189
6258 7796
6159 7552
7303 9280
2382 3673
2230 6509
1697 3079
3831 9056
2795 9893
9956 9967
3230 5982
7091 8016
4965 9422
2569 3279
7579 8835
3560 6735
4667 7396
9892 9919
2465 2726
4662 9166
7753 9467
7570 8169
436 3802
352 1107
8191 9134
2037 3658
6830 7200
5238 6663
335 7581
1265 8024
3579 8590
5443 7120
8393 9710
2434 9627
4175 9696
1043 7997
2161 4489
7833 9653
5711 6798
8066 9927
78 593
4318 4984
7547 9017
1099 6305
5913 8277
7104 9125
6966 9696
4958 6709
2096 5148
45 3597
8679 8813
7764 9246
2200 8620
948 9633
3731 7185
8945 9590
8582 9639
3369 6578
1882 8581
6559 8801
9665 9827
6648 8042
7511 8328
4385 7464
9271 9535
9700 9767
1143 5543
2674 7537
9878 9900
3805 9965
7635 9041
1349 2367
8892 9908
6983 9220
4591 8936
881 9945
1008 1753
1822 2612
9967 9986
4237 8107
5534 6307
635 691
2499 7758
5637 8204
7080 9236
7178 9102
9950 9955
9659 9818
1591 7279
6707 9179
9149 9313
6982 7298
3146 8489
1578 1842
4622 7193
8918 9230
6214 8910
3659 9133
499 3785
4919 8776
6629 8003
39 2710
7931 9676
957 9082
3674 3800
3014 3279
2514 8236
6506 9994
922 7027
2478 4345
4315 5730
9952 9957
3860 8502
9273 9776
5960 6424
3807 4161
3980 7195
3431 4380
28 1457
7873 8048
8533 8707
8598 8837
686 3909
4956 7312
4425 9722
7934 9986
8279 8484
4663 5173
3905 8277
2712 2825
2539 2572
4679 8318
1657 2512
8254 9761
5770 7575
3954 6747
3203 7523
3941 6495
782 1360
4182 4650
9029 9201
1099 6624
7645 8717
7275 9007
1568 8204
1254 4298
649 5401
4222 6183
2231 3374
2423 5189
2030 2752
9136 9510
5755 6837
1744 6850
8772 9229
4261 6741
1337 3298
1946 8232
563 2051
7978 9632
9135 9356
4066 6957
7427 7871
9611 9882
3319 5929
2417 2551
7073 8103
6388 9616
3135 4339
607 9793
6050 8511
3795 6034
7067 9555
8690 9732
7391 8775
5694 9324
9301 9848
1138 9161
6999 8849
1981 7611
5156 8138
4789 6411
4486 9563
2892 7861
5354 6828
9584 9918
3660 6186
1343 5335
5006 5958
7984 9491
8451 8617
1299 6035
7347 9123
4219 4326
6529 8757
8909 9151
8926 9998
6890 8731
7314 9096
1738 7047
5436 6029
70 9020
7602 7794
9106 9189
2591 8311
9880 9999
5074 6579
2131 9356
7996 9536
1046 2277
5577 6125
6979 9551
4148 8716
5517 9707
4400 7811
1407 3791
3462 4014
3314 3874
7139 8012
3207 4159
1529 3921
5642 9504
9358 9418
4876 7072
2861 9604
3292 7747
3088 6881
1471 9707
2034 8835
1127 2279
9768 9799
6716 7753
8215 9694
4413 9774
7131 7193
5415 7319
5256 7269
4731 7417
296 4956
8507 9554
7464 9511
8885 9745
8771 8824
2567 7878
8275 9886
6126 6173
5027 6258
328 7836
7458 8978
2704 8789
5569 9141
5888 9312
8650 9528
5907 9641
1764 8515
5910 7691
775 2505
770 5994
1620 4988
5042 5809
428 4167
87 6863
3940 7687
6687 7302
9153 9518
1823 2799
8197 8679
9158 9626
7836 9506
7406 9572
6355 9811
5670 6101
7530 8759
7808 8458
2411 7077
1795 5689
1334 7456
4366 8363
7220 9375
6842 9817
9738 9857
4110 5063
4930 8089
140 646
4995 9560
1397 3341
7075 7169
7063 7182
181 5759
7590 9015
8437 9203
4014 9294
9325 9532
9226 9244
7336 9584
3303 7337
9430 9962
3828 8695
6600 8818
7703 9383
1996 8103
2964 6162
1412 2003
5030 6624
1444 4577
616 1027
8645 9371
3469 4449
5403 7428
727 1182
5287 9722
7345 8058
1601 9262
6072 9798
1693 6975
272 7005
7904 8463
6725 7541
8988 9700
1185 6905
41 4550
6046 7674
7352 7925
3141 5914
3624 8696
8615 8737
2023 7260
8849 8924
1732 4815
2523 6376
3163 5919
9324 9674
6899 6997
5354 9768
3000 7661
8583 9600
2909 7690
9874 9975
9489 9800
1345 3233
7709 8382
3029 9444
7630 8101
5071 7923
6303 7950
7070 9942
5763 8059
6834 9691
5582 6531
1130 8589
2082 7670
3968 9830
5112 8135
9483 9903
1310 7969
2561 9784
4123 8751
8475 9857
86 2744
8567 8933
1960 3884
2127 2453
7335 9256
3217 9220
524 2650
4892 5185
5374 6361
7802 7902
7866 9208
7325 7557
1283 6881
6153 8911
8523 9997
9792 9871
9799 9919
8930 9293
3007 6808
5218 8525
4794 6840
575 6233
4177 9157
8536 9221
530 1898
9876 9946
550 9830
5440 5481
8813 9814
4355 8433
1205 6647
9480 9957
9179 9892
7330 9762
8626 9055
1125 1921
1009 9936
7650 7722
7405 8204
364 772
676 2332
8594 8899
8044 9221
3472 7420
7401 7997
6934 8079
6138 6880
8331 9509
3449 7382
4469 6529
3877 5248
798 2670
8762 9636
5796 7499
7179 9579
4166 9539
1432 3694
3242 7929
9695 9740
704 6925
6526 6834
8150 9960
5140 5236
46 1066
2531 4990
8353 8884
5997 8635
7262 9881
1899 6417
5709 6718
3807 6251
9673 9795
5099 5476
8936 9374
5672 6290
8744 9484
5111 7325
4226 9446
3574 8609
8342 9942
7140 7893
7091 8285
96 5210
4575 9248
3998 6782
5088 7838
1048 2924
8727 9033
8004 8880
2613 4138
8500 9171
890 1152
1686 8436
6639 9477
4483 6647
2331 2527
5348 6466
9480 9618
9618 9634
3426 7434
5190 9911
8508 9836
1575 6358
3153 5065
4453 6714
6307 8707
7812 9178
1463 8195
114 5255
265 5939
422 6411
1008 6468
9425 9837
2106 8999
6879 7109
8403 9148
9724 9729
8604 9994
1009 2650
6276 6411
9223 9545
4713 6142
6366 6649
5860 9230
977 4492
3890 6253
7101 9638
1546 9982
6749 9347
6720 8326
4111 8956
5684 7227
1876 3897
6189 7985
553 9395
4946 7615
5869 7232
4054 4387
1629 2759
9726 9789
3155 7533
762 3667
4740 8424
7732 9540
6796 6911
1300 2340
4499 6577
7617 8414
1791 3910
1616 2351
7085 7602
6923 7365
1832 8170
3002 7496
282 7331
288 4560
1002 2575
9871 9996
9516 9542
9490 9745
2631 8651
6101 8503
7634 9194
6788 6895
4301 4385
3059 4266
8028 8495
4310 9231
963 5827
9598 9831
8642 9686
5245 5469
7928 9946
2031 8114
2474 7783
6402 8333
6242 6325
3497 7564
9261 9710
6254 9579
5006 7342
6804 7593
4914 7472
6725 8924
8803 9060
2510 4092
7473 8622
222 9413
7812 8722
9203 9787
970 8779
11 7795
8009 8435
1619 1997
3500 5270
5432 8652
1165 4265
8056 8185
903 8295
3973 7588
4805 9055
3988 4835
2560 7089
5062 6363
552 8780
7448 7811
4285 4451
1215 6782
5087 9596
5194 6359
6063 8610
9522 9572
3473 5299
6320 6981
3700 9830
5036 8066
8710 8731
3064 4196
2520 5478
4468 7068
4954 7553
2039 7582
9833 9842
5208 9091
7230 8913
7455 9800
9052 9716
3670 7144
1101 6489
5697 6700
5040 5599
5548 9543
3836 6128
9715 9926
8927 9382
7376 8614
1370 6401
4534 6536
675 981
3995 7222
5603 7014
6598 8454
3002 6860
8153 9321
4998 6539
7330 8111
4288 8581
5960 7964
7160 7283
5562 6859
6107 7121
7668 7949
1661 8949
9067 9697
2812 3936
1874 2354
5585 7153
5674 9941
599 2255
5845 7453
8679 9484
5063 8181
1418 5398
553 3566
8615 9232
9203 9763
6921 7207
3314 8729
5308 8860
7107 8212
4374 9999
2146 9037
1749 3461
5151 8268
9206 9761
5804 7185
4488 8781
3679 9490
8090 9153
4246 5478
9939 9992
8909 9057
7436 9001
6878 8437
6468 8325
2674 4726
6251 8223
7072 7281
897 996
2979 6053
8055 8996
2804 3405
8436 8929
6280 8564
8749 8930
2000 5627
8628 8997
6226 8657
6563 7131
5123 5685
5188 6880
6215 9194
5012 5595
5293 9258
7071 9291
5306 9594
3518 7906
3746 9330
989 3962
972 2724
9507 9762
2683 4526
7853 9261
1201 2706
7875 9331
7438 9865
5357 7594
3602 8654
4891 7008
9089 9915
1940 4236
8345 9631
9774 9813
2321 5595
9551 9656
7842 9694
7402 8231
8914 9010
1402 5026
4421 5540
6103 8655
5110 8104
7738 8300
90 7293
3476 7575
2997 3122
6393 8809
3468 5709
4637 5092
3021 7115
819 9447
4061 7711
2280 5486
539 3973
4719 5364
4651 6210
8522 9508
5397 6269
1216 8880
8145 8260
4188 6596
4313 7412
794 8946
1099 7275
325 8978
4369 9026
2179 7696
5093 7533
2688 6608
3618 4269
7562 9561
6752 7613
9092 9506
5166 6657
5322 7355
2772 4755
2162 5059
5143 5354
5778 8149
5302 6582
8847 8936
100 7642
7832 9050
2474 4035
5414 9805
3280 9197
33 1417
5455 6267
9414 9808
504 8534
8320 8476
2496 3142
9587 9888
1663 3655
1298 9103
5366 9335
1664 8904
674 5856
4627 6541
1357 3540
5419 5678
1095 9328
9629 9965
7657 9548
4668 7558
2423 9334
3698 3872
8206 9822
4475 5951
6055 8492
2429 9299
895 3157
4972 7178
416 1037
2565 3474
2042 3052
4383 5153
4354 7564
6518 9500
1132 3059
7043 7939
7584 9908
1437 5145
1499 5404
1132 8815
9025 9307
2598 8991
9011 9623
4695 7501
125 2633
8356 9091
6066 9840
1725 7376
5444 7077
2809 5109
5702 8999
6454 8419
1128 3064
2821 6634
9331 9590
9137 9587
2772 5178
236 8667
2086 9416
2896 7138
4946 6061
1834 8868
5678 7713
7953 8272
3399 3547
8251 8735
8635 8702
2417 3679
3593 9921
5468 8625
5076 7962
6927 8741
5541 9715
6449 8073
3329 5194
7764 9745
1007 8205
8299 8727
4171 4518
9590 9996
2902 4606
216 3667
1818 5022
4912 8239
7756 8044
5845 6357
6502 9815
628 1368
7827 8641
9410 9459
9708 9846
9729 9900
7498 9074
1002 7706
4230 9526
2957 3971
6742 9427
1223 1578
2871 5087
3216 5841
5732 8279
6387 7605
3675 5611
9207 9297
5682 8892
3028 9457
4068 8961
6584 9320
9201 9604
2943 7553
7515 8313
6578 7967
9140 9853
8577 9502
