86
930 888
888 759
759 174
174 194
194 449
449 607
607 353
353 521
521 607
607 395
395 29
29 189
189 551
551 238
238 694
694 818
818 452
452 343
343 485
485 719
719 894
894 812
812 955
955 227
227 171
171 76
76 555
555 807
807 333
333 271
271 312
312 754
754 928
928 716
716 820
820 827
827 717
717 716
716 672
672 346
346 331
331 757
757 927
927 382
382 360
360 178
178 588
588 720
720 633
633 939
939 212
212 760
760 717
717 584
584 301
301 619
619 44
44 966
966 435
435 57
57 723
723 560
560 57
57 981
981 662
662 334
334 382
382 267
267 158
158 2
2 216
216 257
257 809
809 643
643 330
330 34
34 951
951 843
843 93
93 546
546 112
112 356
356 745
745 830
830 994
994 132
