100
871 906
906 455
455 172
172 494
494 348
348 724
724 905
905 750
750 591
591 666
666 379
379 240
240 552
552 640
640 786
786 390
390 635
635 235
235 371
371 226
226 936
936 546
546 289
289 471
471 254
254 549
549 10
10 240
240 424
424 883
883 998
998 553
553 154
154 833
833 62
62 934
934 396
396 163
163 949
949 769
769 861
861 580
580 650
650 522
522 970
970 304
304 353
353 543
543 972
972 512
512 654
654 664
664 296
296 771
771 206
206 545
545 761
761 762
762 508
508 648
648 727
727 111
111 511
511 226
226 997
997 218
218 135
135 921
921 67
67 333
333 29
29 832
832 440
440 968
968 648
648 543
543 524
524 747
747 180
180 603
603 832
832 843
843 795
795 273
273 509
509 331
331 230
230 647
647 120
120 1
1 300
300 366
366 890
890 661
661 797
797 327
327 614
614 736
736 739
739 110
