10000
832659
578587
425994
669492
468085
53877
980775
634793
167107
261011
26914
86913
416881
928286
328488
999939
104006
66198
175558
337150
228451
212238
354924
343348
64517
474174
1343
282903
334488
529640
892778
958423
924538
687665
165810
840651
987742
747122
639279
312989
149382
949896
175480
785961
259889
174452
828547
566171
769439
423477
806583
314697
735031
989762
778659
678983
375892
371972
547342
330289
61691
716858
369625
584301
238679
188080
310135
932153
909358
929945
267781
711878
670377
833750
704440
817482
837660
248858
997294
334476
339530
558302
871862
562845
510760
92472
955478
87605
688469
99288
58888
221951
840410
382442
469243
855197
359627
613466
292461
539801
59678
426188
871659
462325
730556
73652
444901
688437
717886
790208
755996
467796
513197
570015
418762
927127
751921
934410
914508
575230
617410
333901
786161
986573
402496
867984
96017
992748
965321
72988
205323
768263
680994
8957
403028
327447
282868
895753
610547
472420
332468
387980
862809
915931
91367
949767
950280
724323
183371
328058
448161
834486
136366
94323
52563
237380
136548
984531
128446
963184
526475
33709
282067
435894
607759
13830
79004
342910
107375
547895
841487
379274
501004
183337
513292
144035
942944
867655
684794
589562
685065
152858
459643
322094
985422
281178
356464
639919
266581
781318
263368
474349
819772
622788
123401
923909
126876
547455
391308
263948
334811
560388
129344
340617
877852
115158
8616
666925
402155
331470
191688
809034
591001
962299
118466
391082
874444
723026
197819
112473
934507
254017
856613
907175
366231
646875
342337
337800
423149
492691
507781
954790
602236
171771
546563
865452
673761
483334
632960
668404
449405
698945
321333
256554
743012
266630
639610
903963
770409
258102
35380
38655
607777
28638
50129
970748
628309
778350
672471
806636
704387
427888
928921
898356
829077
112723
887650
354933
435440
809155
281637
514331
6226
666560
586319
97048
905676
232055
320451
107833
165167
658036
598941
148376
968313
74112
775479
276507
793474
262834
743386
227652
173164
664827
459342
414263
405404
796162
302579
398528
8926
495624
142792
999215
73389
636909
596582
959120
494750
61700
82322
272139
355115
100419
897080
351142
120911
767891
221801
47364
224314
252969
560041
148044
346611
453521
382723
105602
266522
333477
107009
371472
233966
681999
325051
948412
595770
453394
367714
171928
152659
849166
981294
330697
190
703783
992807
167285
613681
183419
913456
321932
239984
314919
171105
491602
351856
662176
793268
404089
860164
990294
725655
449493
987812
511079
773003
336859
235926
247114
501580
956446
424522
719
758396
109957
123377
227741
370123
716346
575260
206980
345609
824742
659498
489178
662621
595479
837816
157479
306817
116641
97522
469545
440630
830900
646666
522719
383695
435675
144377
63534
578580
486908
720993
916843
668066
812872
394137
802016
565671
177694
610962
139151
160807
50179
609913
610194
731907
197280
430738
733589
825193
894782
166474
553178
132305
684078
499573
848254
194747
577031
510215
179421
598710
419782
749126
47701
429053
148508
79740
509328
73677
531608
778668
731259
331730
784293
875047
783017
478558
467062
112514
491463
157920
775557
859919
752856
515550
441589
17345
644010
735607
589119
2144
855207
41339
615762
742278
308222
573352
165260
641227
176805
470164
450417
985887
117167
239069
10292
169974
347066
101761
764448
727567
41844
204262
652787
234136
326082
272588
142161
561154
170089
766704
170813
508797
803867
729040
949359
851047
840578
439306
863636
485209
348013
448053
764042
93980
206413
282089
817465
132399
455533
627313
25512
368517
96309
562908
296720
710032
158109
859642
204526
48196
897453
215752
110893
62670
253679
622235
21617
816633
20094
420127
488685
218076
490471
640697
142491
199370
51019
755455
33211
8866
293624
219063
355863
524118
556119
852922
154666
135626
352476
673334
662496
685459
49033
992963
40962
625910
642127
570735
997801
131286
377387
31756
219539
368131
650193
586681
395064
325209
432846
849608
907707
145085
121069
274638
11395
60050
261919
170796
914578
908740
378830
818050
599991
116176
992970
57636
950287
620391
82362
106269
274724
987992
310668
641356
439790
576384
42218
832885
956892
96391
671057
38452
965324
193989
23411
304721
65942
445061
191000
10358
886748
737440
905797
735340
978815
739371
744560
235706
886053
914917
438020
611085
201820
717450
581928
112123
284528
400920
67849
507932
927096
174354
821824
393437
120033
193834
238937
25986
779096
633587
300382
547325
926339
454443
898992
393625
294727
437469
545071
697153
158795
600935
521827
194689
333940
498693
892982
332727
246946
582502
15620
755037
48081
65090
588130
957511
71277
618311
635458
817624
917365
341108
220745
665570
246060
149826
893817
103528
122467
729351
327026
70875
17470
116635
465170
914755
140549
11936
54279
368141
62034
952342
239739
631024
733442
412391
420302
843873
555742
374454
539764
75126
957054
616444
859373
412240
624809
506834
820309
487140
787843
640888
284242
986925
843
605315
61988
745585
964214
500089
991193
384482
952732
49420
805898
528019
744363
599806
104024
851193
960540
853979
364843
143813
933399
72447
491427
524084
477871
73
634865
42503
351661
974134
943379
715019
808769
606487
330511
630913
406080
400098
884851
670232
723077
406708
577686
211617
196179
474747
949849
279945
566698
808780
292289
354940
712371
741011
857209
366680
669807
54860
645678
960238
561644
259882
964687
775501
872470
546898
506792
453362
608608
127439
127066
179788
631483
259751
62
131303
713402
293405
42233
230225
735653
671480
487463
818434
225525
956635
990608
251872
400044
484267
241
577509
520729
477628
220442
121131
678094
683333
206304
438809
175085
691616
683162
748957
890771
974278
147028
975669
817497
641775
236707
241389
664130
270078
721117
759269
445312
230680
131867
161640
637338
572179
928459
436784
648169
332696
243967
211010
704829
152501
979750
126118
318167
770768
413786
216089
176799
707575
45893
632699
805698
776184
660575
196572
686016
642370
661189
604115
701221
399618
667434
63412
773440
107365
922477
747481
196645
83708
148403
436222
97964
685120
277800
474495
987096
210705
554426
957983
117940
414789
502295
156729
248716
981096
318429
119694
253739
53599
131952
770687
528521
53160
745378
327076
794053
104856
329241
895019
690560
151115
627203
558420
652753
740004
669548
837783
974994
551175
171495
272503
261862
637925
860481
22672
203149
425723
855327
37157
777278
285402
946363
953239
986828
971067
123351
879147
83800
634451
759764
34044
884019
444026
542112
462124
933338
201792
618904
596786
820284
632206
678056
792253
969813
170356
678799
443025
398459
853298
628716
212665
543254
66471
669539
452400
489652
231480
300331
111448
575971
515788
57473
718901
197216
635096
334478
8459
286022
205995
323564
291079
214022
874075
300373
279101
714938
651337
336817
987376
831272
503148
565159
418031
365012
924816
23412
319313
359802
90515
491665
632559
915495
930826
474405
235813
682366
288842
784049
294563
488198
566307
62284
171954
862677
354299
115348
639717
387261
127902
120176
236183
99165
354069
219977
785630
681188
275138
829493
944797
701164
561090
474063
279055
566409
251426
961543
894206
999608
430085
342436
544937
501527
477761
880386
462300
811130
211392
139822
873906
975430
18750
279028
231103
410697
136657
810964
34328
512568
889729
158796
414541
216193
887664
410454
969204
324380
709746
186894
144402
239154
691902
60426
602884
31998
708597
155158
785909
348187
880393
532216
759548
174793
745428
487892
124119
276411
629759
620354
600460
653660
200532
942446
780333
404628
590771
624149
340911
799677
759939
779159
343897
734859
912012
767383
558518
148949
922700
717677
65828
769214
609141
343978
528150
172682
218036
509554
336812
531362
835258
549883
612541
662979
457709
733022
869363
2463
93823
295689
781186
440144
219618
393542
383907
311212
80970
856513
407016
93311
124087
754327
719855
368290
436225
334347
467871
958685
938654
968710
873797
123970
154367
901342
966570
653802
239648
460023
642520
945207
821246
736524
25874
667331
453952
867344
818426
773296
565267
348205
780572
688376
705484
303211
368981
8782
397301
854502
765968
302416
733657
518354
381201
368211
780939
301383
332450
523722
506549
440656
603197
692012
962823
172450
253024
937363
59833
718220
899804
407013
166962
354117
647310
125933
625570
642712
856613
690921
607317
845935
142483
723551
99746
748265
631053
93558
543174
472741
530188
293913
636297
793517
268809
761956
877667
67541
448733
91793
884967
560499
659223
182364
813894
789415
893582
836008
389694
575487
941970
47047
643211
264713
27108
454829
117073
836041
913467
742143
738605
112476
588339
431141
609943
568124
88469
368986
212974
327847
267324
713545
417032
505157
536659
776085
654
204746
317546
641928
498243
450041
971916
308748
224421
80873
861052
630278
40687
783045
555773
332849
665850
480315
848867
74727
723011
430608
739877
671305
363842
219724
834755
987785
190786
387081
976842
398693
863072
336641
721885
966302
685697
795920
778442
731237
792770
644636
645954
788445
359104
343631
302431
113998
993702
958349
647330
298236
752251
251422
687452
288479
606972
463972
631065
228551
43713
148430
833672
916737
696864
526589
469021
438475
787470
586939
404376
70258
986641
127407
375234
868649
48982
99717
372969
617428
501948
684225
260810
713924
331816
582886
868271
496211
848749
791562
92312
970976
725304
752622
158910
603616
28681
893604
105937
849123
404613
397752
539646
31758
598982
925969
342341
159231
95886
167054
690598
202802
883278
790978
972327
704361
976401
738269
440569
81275
540425
122565
434574
41618
586292
890763
384749
619556
719911
62381
70628
812822
78560
77302
519568
75979
863942
22908
651178
157481
546831
104212
661349
37142
717065
732812
836307
994781
228939
957345
87629
396992
775010
361008
828894
92330
766928
984017
392540
820216
755530
624725
421580
90700
294207
191572
47587
884543
508365
464201
599867
802471
147022
841852
979481
974163
190000
536619
828163
860427
892347
833116
897623
546100
180215
155356
661338
908641
141316
625919
417944
525482
712334
416443
395631
64405
885428
961247
930837
111899
119673
514033
882911
308741
136711
303406
140709
66686
324927
237011
598376
380903
589860
872871
180777
848258
345966
84292
124781
66065
517315
851940
114772
538677
389966
378427
816210
95902
6664
17303
643290
270771
169032
201842
690968
51566
452758
723468
937533
622310
884034
125837
418585
34178
709740
603620
337929
384238
729580
750600
651670
275685
949723
14600
445774
407841
823461
358206
855844
329513
177231
559749
25685
7595
571830
4797
6147
983773
931060
370841
779178
265275
301960
562371
482338
815190
250972
791983
473653
848956
688043
755078
399991
251862
359873
952564
589157
689207
740472
184666
462287
386901
849548
33571
338987
259050
983293
935488
993160
629391
463436
975022
288877
616781
474249
485035
950939
124333
481403
342912
851
408294
828486
936887
45477
138174
50058
203833
583935
381796
5291
931496
269352
916341
806996
213431
255134
989823
782118
251285
508508
667648
60307
351047
129757
427268
653086
425067
326844
556661
402468
497485
458114
511279
1002
618371
292373
185910
124986
809729
69486
97483
41269
694581
522508
997227
612192
765697
884282
430821
447151
797444
453772
580334
890720
10031
804192
250799
64272
208422
533101
786629
929079
389585
288687
888058
746472
897828
983102
912810
411126
402081
496070
223137
271339
964242
754173
59624
670902
458603
59011
388021
372078
968943
480667
955843
116696
852257
268450
499120
245865
149581
199344
253051
537988
208443
660473
580647
736914
291779
588403
506015
504589
943295
126313
926419
610456
995716
566058
245648
277679
565962
570354
472769
568563
727879
57651
389297
901288
425862
807333
240589
148316
490864
32204
984917
649056
725422
447158
490867
746671
836175
679694
495110
756716
378861
348309
976922
337501
628831
183898
750218
337102
895796
878733
677009
851578
385194
216816
693840
489784
703971
885444
151004
997042
782249
294842
825828
101721
331542
986073
198131
248291
729650
447038
92561
233029
528069
784922
524766
826724
459044
879467
308064
71313
32537
877826
76854
58958
564308
189762
614023
297064
821887
682408
930697
21828
182867
980636
309409
879385
205382
221728
711355
15551
680118
558549
762461
964408
629511
739322
166913
4560
691591
194828
112354
241213
337892
816433
910443
298816
865570
188761
801073
620597
114838
802501
669443
705773
624901
602124
446221
247146
581392
893873
83573
76720
196311
763731
212184
898923
559233
493653
291874
963691
305562
483859
603623
711620
48331
15285
328931
296694
94763
290792
948563
802178
272115
79038
911209
559566
295006
771853
684887
351217
533927
650376
378441
499640
322548
665318
513244
82480
120924
973243
485395
586970
715502
201142
471312
528717
965030
490958
68188
206289
182998
801610
280380
978778
6537
702404
667461
141294
738362
919244
854697
645489
306046
472155
900334
140615
619194
58945
383160
284193
28840
409962
656402
141309
854882
137713
374971
534062
917677
312544
4497
320073
606919
169640
169820
55117
64596
76608
45246
731942
114924
913550
742916
646134
549644
230690
352758
133497
839843
334970
604714
345072
803466
151158
150751
765155
388777
372626
696666
672532
819201
5787
795656
360793
952431
756710
715377
749438
294632
351421
180658
615471
462881
710711
707195
158288
893912
298891
652757
481
915765
877568
811465
899954
394517
704888
646849
259012
591245
801764
290142
165291
301436
466290
315545
632239
66950
628466
792532
57494
208790
105299
888227
301860
916122
643585
45121
232747
791256
268661
9727
48189
893859
712662
469892
292247
72386
765467
227535
425418
524809
383060
554919
547609
736147
381569
363833
24153
951755
988724
41971
518692
998329
926598
459102
966869
210829
851934
332756
225710
606021
641594
413300
200486
94411
840914
451895
555824
799756
807555
91428
771590
245393
443004
694933
60963
659357
154285
106329
461232
870424
735352
936869
753676
843289
65330
176269
651405
558439
803282
260227
707310
309561
609297
116288
379371
871954
286598
785992
44078
103149
12082
893651
134758
397651
763882
926040
957094
712180
616745
690922
734943
295714
596336
630185
942149
739859
748354
443012
573845
472393
153492
693315
653234
659150
502604
191017
645054
172529
506820
714691
456965
764002
256881
210253
254581
522846
50586
167983
122331
86151
197362
234196
986705
820287
912617
504869
983389
221963
537385
584732
863962
131632
556975
469233
826605
413718
790504
155340
882852
528042
160178
332538
759398
263001
626607
935715
829792
356796
774779
319611
722288
178928
625574
478739
441172
643704
170084
889765
162907
985628
690264
742648
487829
302990
15881
578085
239626
620860
770968
266607
910572
71319
609974
286877
400758
444268
711868
14640
251604
184670
417344
480225
472895
958283
302524
477942
477319
60682
414222
240074
642586
466579
991000
562042
434643
259743
911049
89806
815730
117227
383960
645138
371580
157267
367896
711446
192548
294090
542507
387557
494262
7290
802878
159647
956863
332052
338122
357247
308310
138031
744327
549506
172372
883803
693934
625220
136801
344717
664975
993407
528008
199109
423377
374753
620706
694346
520762
511392
303126
77322
282795
674585
409746
398671
987954
483386
431551
755139
569276
442667
925517
235085
305156
739489
458197
665245
990728
554090
297838
683818
205707
201653
621750
462719
836273
735739
406149
140321
512368
819262
278170
679577
188534
495376
881988
387290
851239
895467
748182
849511
955508
414459
387251
603568
299220
889895
908496
718373
220254
996528
775802
484273
373640
914641
930358
10801
726678
635597
278692
11090
826203
130685
548122
894988
176035
639790
964170
715803
695346
542098
424916
509330
41716
686188
545298
975783
340975
678323
577900
674102
580943
258249
765617
297158
384085
254481
565119
643068
738062
990823
813822
965181
745797
157439
503306
177853
724346
841578
849609
758594
350578
374588
770837
288266
225618
432321
13675
310905
189409
858935
641133
890326
778215
681237
718596
308317
585553
909272
335622
307030
608370
991428
520872
203500
830384
510041
417034
190212
201005
950496
417402
980340
426770
140748
806745
384578
986333
145569
352450
199894
307038
668511
608809
659899
596484
726467
908279
393616
902098
709547
648014
561468
999725
793466
309500
449490
790581
190023
688391
560963
235804
575381
79148
735684
139786
736375
749550
438493
577876
120032
276909
828775
36275
687962
671415
553158
390169
782937
893664
20200
398162
701827
501785
669011
637513
997248
917315
369682
269365
23756
531838
979711
241572
754225
617205
991061
756298
517024
914283
164722
639876
870445
31261
911804
209529
34941
430696
978251
756327
496721
865060
66245
976741
901338
865386
828609
333865
441189
113270
121824
144565
604388
412522
324322
495435
596927
808305
594633
921313
669240
254143
792215
619889
160495
527629
601121
658887
782800
509257
14480
117030
673191
590936
976389
282494
315115
49259
824415
674328
455710
286719
243832
202224
55624
995869
30550
742335
618282
305079
909277
224563
183542
936159
350369
413233
896382
924728
547033
518484
977521
505238
348599
98179
341757
438842
462131
906777
517228
926033
842735
136460
565119
170625
398487
985942
719463
576042
762550
605110
558564
620862
862569
180110
137886
184718
999678
332729
509278
153738
618123
130712
84427
283289
398579
81030
743928
510820
829061
184129
344335
97464
115071
569098
441613
574467
690057
879817
614830
824324
416480
362217
660543
481427
424717
560695
68198
585648
573317
448424
843707
274525
862869
609091
204561
659732
839015
461267
908236
631496
303999
523371
949336
304013
975871
684756
89051
440612
245725
496772
755413
927536
840804
154025
306172
85988
636977
278774
294204
351722
153793
188457
529907
9007
268423
465763
343585
549469
443669
627133
632725
59336
690549
668677
423458
977883
60070
211782
924550
270398
23635
259885
462607
631886
473904
596728
956130
838417
779518
782412
239683
931848
584640
416440
468358
776788
81044
222213
565559
862536
576700
35653
888143
285738
70663
8635
877262
478769
659863
724119
828941
452900
272640
457342
290876
193587
273985
279115
874996
193872
772804
151779
427934
722015
17403
170557
631053
912270
337957
322840
199885
748585
680386
910804
813389
524016
116742
173378
345574
770752
957882
674547
77964
598208
916504
338713
947026
767626
260339
99986
834015
252015
168307
148011
273258
334891
941
392573
204707
79177
316576
985983
847764
920867
490127
458856
603368
48061
794724
183000
976333
37385
530673
232670
669452
177064
453598
292770
176817
527268
968945
833690
165978
161965
751453
793867
592991
672064
786529
650658
275223
700164
324754
355626
678992
907734
998157
583893
321670
365453
830494
445665
238930
866761
911906
886478
531673
351443
169033
45987
847475
23816
713303
776232
467162
695059
31173
158119
563599
461483
28818
154214
592534
624384
351548
614432
687940
917405
946198
764164
929975
375658
330466
55056
731354
334774
852983
869109
87541
284769
404688
37732
682181
52768
231957
439988
32714
666031
970841
427202
308139
662318
422656
436204
954538
657861
905129
780278
686313
125533
973842
908277
63607
289624
142295
661403
334618
36432
92258
567073
899567
44791
808454
581519
509581
682404
646695
408067
973563
690920
517720
7953
457361
491975
934425
617682
230716
323284
971354
157231
181524
975933
665525
676848
958197
266755
60696
237667
901431
667497
135116
706240
75562
790733
746768
557979
725818
688392
310510
452237
889349
25999
321777
661282
427107
801296
115831
422396
122829
889970
994981
587145
644718
462786
614620
305230
298536
934264
233428
874920
384469
767951
567586
527781
527957
628674
775691
334352
633868
387346
772525
39559
735346
573875
189719
462696
505525
867138
572086
111685
894617
240569
561492
497701
881389
439619
859264
456624
756210
938210
358342
478234
573069
222096
253762
248296
410440
59612
574147
73850
41903
268500
791381
825973
562972
532466
328526
562581
736721
333886
879746
226643
528094
73595
865463
655346
798273
924586
179307
96296
834883
293794
534950
171812
11243
159491
956717
549769
246356
114524
786133
567177
385205
996306
108315
722329
757787
701420
432854
794349
842887
804785
344722
603851
527377
465205
303287
285880
804056
47307
869873
500619
853431
340410
533224
32252
714673
855169
97409
225740
788419
751545
227053
411659
233326
961808
818418
374414
572604
445497
414359
345156
530113
528068
327146
880376
71320
320458
449414
601671
647845
403684
762753
22809
413554
331112
567363
570248
236301
524428
698237
524392
217505
587261
987677
842275
406353
498509
893158
409642
912600
765477
986182
161397
876719
717556
694266
521559
93968
717688
260054
680617
129282
134638
443005
581751
88389
608640
836323
992969
835765
632702
185417
44013
94955
164576
799651
812962
914880
684781
624299
687961
606818
717753
933257
340056
915172
46402
307786
190369
705979
972926
267663
531660
394395
382252
963174
882785
137199
128529
940771
669696
884666
654683
690028
400628
535947
176312
600341
482985
45992
569418
310048
359788
513578
127750
388601
571497
725274
754421
665507
574724
833327
394567
65625
828007
794607
582501
497866
515644
115284
844727
370917
263579
772674
558292
899788
420446
109625
820597
341995
843433
103857
160500
468391
467073
575255
720202
86592
172002
33710
466307
552385
925844
313098
423275
648883
156927
790551
571628
593847
953975
639895
642733
98432
158541
252868
412379
415249
207617
36011
213742
630171
171659
481572
40038
593954
283064
850003
523660
788896
795079
847110
639945
329350
38194
897698
213620
452399
130892
626314
188657
871099
806808
215414
288991
696343
556287
801687
100901
705002
797416
829134
746078
761623
629923
950534
870173
293562
359817
606848
202310
877644
29448
141584
869428
583295
273223
343626
314926
667912
974643
889908
878050
708926
45859
718176
353672
393340
402870
89857
111392
309962
615406
746789
195998
498481
531262
277884
782891
114646
966307
721396
940552
829259
655395
103857
941651
386798
826754
619356
731695
659620
845574
367431
360851
298055
472093
361894
531251
637557
326058
481411
870432
499356
865296
178777
68136
857314
504469
495702
578818
865251
258874
561129
557765
647193
314137
369965
319597
437711
755653
909335
374165
845950
628093
957994
321747
504243
572300
28379
147036
255683
344797
18769
800248
933028
712024
747909
505555
330413
337910
320902
12483
868009
645594
245507
499611
955171
711309
44514
310660
889319
977413
346474
678153
813416
892181
698779
926778
693553
515701
440671
806325
255414
631420
982958
828277
417553
526376
573357
928562
960154
343792
199797
419087
230709
506543
680908
254120
323533
484239
976444
45580
889468
866162
414906
201535
534082
329496
684161
792195
409740
169651
32284
428654
323758
842926
895412
826177
380477
386116
656817
23572
812311
762952
465944
545527
381857
893265
235792
670627
724472
717282
653862
871187
435382
384041
732161
305960
403925
895712
732533
52084
79246
482771
816471
706108
504009
552051
471933
837302
199223
875183
439385
402513
595879
328877
106853
441039
95717
83867
235443
100755
921676
248778
757904
694851
812613
846367
958791
577921
464322
911304
736896
660597
907091
461829
408163
103498
521744
567072
837323
727838
117633
492048
101435
638924
926041
113709
718422
647387
962963
276413
217377
17429
50128
469461
894572
602086
703926
810539
297785
834536
926949
504789
319129
343054
30477
905623
590496
806900
323915
117982
536614
664036
920688
271349
136050
422053
822989
708796
716539
617189
430689
555299
412631
305695
407006
700417
494756
767042
108396
605304
445046
686819
40219
924073
766110
285050
886156
576654
414303
128792
140031
610623
924102
255033
611551
690595
317992
271803
582152
322483
816729
739305
826961
974154
514121
733662
318293
838744
873616
653301
217796
122169
12054
467785
730716
982449
744290
41780
75162
515810
420889
265519
435865
629576
194945
447365
219997
972339
595310
206393
666843
834543
448002
353365
486139
603297
398496
166143
146586
110623
598888
328234
642403
756987
653439
14440
13597
32754
789982
204571
350069
10679
711584
506673
921731
671772
454011
93114
540452
552998
574592
875557
126942
587400
815301
500215
279485
49738
136985
553275
851579
601548
188800
25399
306106
395766
515139
548919
99563
691486
477220
182243
130641
96557
582132
882821
917731
23749
403372
546868
996057
443085
505580
436821
15456
46826
695472
443849
772382
819368
26848
446460
451794
651623
396017
815284
912273
358635
725464
760951
925142
40542
886310
800942
296317
34972
828344
716078
14073
773171
671581
61814
766539
72831
309348
852084
740634
290905
873320
648267
411507
278366
405131
785399
31371
375240
268254
190828
25607
985325
603629
276615
309740
785416
14387
513819
658561
991973
191916
309491
609934
222936
427948
960235
572374
432215
459164
523178
577050
638540
716961
215746
464368
89505
482203
248797
349698
513713
538688
610115
508455
351133
109460
626889
562984
590817
295850
408846
427622
693817
899418
581494
645223
592391
907180
373715
514491
732769
864452
832446
824943
602011
750208
285405
905853
811066
303630
285692
121335
250477
619156
543920
448123
297968
60274
164249
717226
201638
403243
135494
659706
892697
672924
670019
623322
449668
270827
348735
655329
765509
531942
875775
218769
850312
171215
30674
554486
371549
706186
506931
479920
375876
823259
566037
68982
279301
14058
670398
495493
802283
369237
515523
473803
396841
817991
981690
384263
809627
162398
859616
276412
291404
207877
273869
751763
480624
752592
438641
542962
406677
983354
361355
966241
257855
706838
936985
115750
863385
127812
21917
675115
231399
451519
690332
785796
403894
157699
114024
900708
558779
194707
791191
347332
131606
635389
761082
866931
316145
729709
935578
264541
483778
567834
420257
676865
900932
781322
97634
861957
639257
144024
820785
270568
421778
693418
418223
457379
78659
203519
566939
804452
731054
227731
655728
462853
527596
835137
358279
288407
712020
852536
742380
326122
927222
450024
108849
943190
895365
908644
971348
910566
903730
788753
375615
58394
323750
508788
471860
400285
885865
181312
914458
552365
874874
695210
298359
384758
294904
121885
988761
571176
740279
2448
830938
978760
726912
930291
630132
747600
559686
897631
763421
990932
295016
993716
460073
995989
727595
73665
572334
206162
312989
641628
38207
975040
276527
109681
713988
975066
380045
680485
940787
742859
237307
450125
128564
594276
898624
103363
482591
534642
381315
853610
435626
783795
480308
956507
646179
36758
764057
887247
707342
465580
926973
991070
957750
750361
121922
612088
344573
728474
117829
34679
755370
878758
408966
831637
600224
878841
359117
112523
406998
418475
639321
976464
361290
256598
887408
67996
573603
81700
640084
450639
176392
99993
133621
2889
559489
103231
16648
9913
373593
147300
240570
479115
727814
812316
224848
613951
982971
326841
707755
592288
282347
291757
607528
471112
305008
394369
954790
981837
811813
369245
386799
329111
444909
764863
666873
691751
246615
139958
697262
122563
300222
883
476759
631095
552588
920633
308684
378289
101355
999028
206156
438343
877798
76484
253489
775286
757310
246263
938709
996259
345040
58477
269398
80268
525209
590942
644602
527972
789001
537781
872068
383680
106191
432811
623387
933519
591733
715904
891410
378505
763453
996956
945491
686481
784164
332638
282408
506979
50170
517352
347076
210872
516833
192513
376199
346138
672617
233473
444332
917802
838885
288456
743333
686975
681010
556012
650570
973402
40746
773878
673970
625026
52202
441208
617535
787291
114837
413661
464515
676889
256908
785951
534124
459638
163656
126733
939560
362912
839866
78634
674791
739273
814562
902054
84355
904640
921621
930950
395407
973374
351801
113151
607090
616720
139557
426153
332773
675680
997920
577220
594390
830035
469540
557427
910468
50644
737880
184404
149375
949742
881454
750426
110698
644279
551420
399344
555621
772034
334229
87741
493142
580474
93032
73800
989760
94217
956705
541431
79157
971785
355814
24422
978036
499515
521267
290816
476061
359942
250499
203624
929585
921500
981263
83159
149630
410576
881234
826732
364171
102049
230392
525061
697170
424375
787304
157143
596944
71534
658649
150309
304881
280812
712016
480171
924799
162188
65908
470822
822630
173897
870451
148057
804831
59551
194023
396329
566093
362267
888504
846649
688616
791128
653042
357407
402469
318719
997111
477031
806089
406379
847792
713862
468308
947755
40639
558999
975036
364760
296834
261405
832970
726396
244247
104717
830039
286059
74141
622477
924077
884397
988304
675742
130873
993882
24342
177573
773009
764362
729070
553236
689909
986148
315327
256441
797304
87175
974602
425139
419578
833917
326822
731177
454167
35183
230433
474520
10640
653663
204165
246683
344249
216592
586943
681712
202673
439778
797961
892488
516072
229611
119262
302627
732354
802022
80246
362035
832930
98101
138009
835292
50701
368990
472587
889927
694044
815006
722354
254747
899520
689939
758485
70241
860619
587359
286137
177008
357773
49265
626699
185047
639739
615546
287073
489313
567434
980607
140836
574252
156083
360623
199189
39035
258398
647586
226710
374449
136927
903027
374324
32881
95445
531979
626859
75054
338545
69799
15531
430930
817460
528275
931114
327192
630089
228884
755873
553832
192846
764526
646290
948832
880556
187161
409002
235304
737217
786891
572886
626164
264488
912417
646296
400270
577365
720988
556532
198423
828687
548169
35402
532988
116739
121606
959748
448872
960176
488856
525925
96446
79642
564026
966692
834452
761442
879305
549854
866985
681116
773935
443806
429227
112175
552697
21854
27428
979619
933590
872896
910515
976948
767125
685339
160393
861370
289822
794505
744665
240830
763488
186582
479764
688110
813771
630577
62317
654305
960583
96036
748667
454200
486123
882829
841536
943901
641140
238101
633029
876273
432421
485282
429727
912921
645343
487147
670707
166119
76805
758409
339958
750802
39495
982220
126420
118329
570687
836777
585820
82229
91111
504315
724872
748568
956524
502637
766307
5749
88091
391097
104466
891071
380582
160667
199402
404399
471420
861427
356572
400514
601718
597738
981576
872351
639132
240142
508511
320845
563532
740480
59860
463526
120773
281404
170277
230660
799624
950664
203261
18752
549310
778014
5990
446033
129359
558653
666544
330717
668037
878263
806804
161004
930640
633688
407974
783395
521905
376791
212381
645399
606615
169195
719666
518671
797147
88985
104211
93527
456743
760880
630118
624975
296796
727968
201701
68534
383891
218140
715968
363668
407151
664703
481567
937363
186662
706347
82129
229772
14708
954618
135300
698597
982990
127863
66924
598093
519559
538542
296025
43545
475778
882512
994334
678591
404429
980542
572726
835228
928629
795102
420581
10116
860699
495607
507613
456461
899177
964071
710534
769948
914501
203098
842442
831740
831185
245168
906601
108843
475261
887192
347385
943217
836454
393101
684456
717300
862205
228510
850214
974001
417562
691006
921812
427534
975551
915048
249937
475930
385067
496206
523453
676790
534092
911342
32076
198091
81059
511653
612587
806465
213202
265131
764486
668129
135742
97817
74370
702717
677939
296437
943773
707219
992489
245739
63664
215447
235121
785634
213540
660051
921046
680455
998351
765266
316125
403338
986607
125822
112080
490989
931008
860801
305443
277385
427829
338632
993371
390127
274280
869505
518811
468819
367333
157685
323505
79825
143943
76208
210819
99200
665741
937162
427905
780013
255942
34811
411834
719012
363229
632980
482411
777961
891659
863624
885760
650402
119125
906287
175509
950719
789359
69274
398094
610535
451946
943563
149440
579994
818173
430702
937760
281717
174633
66909
499534
511038
375138
991368
505424
762792
294086
952345
787826
170261
56327
455836
897952
801979
13074
388102
458218
627357
870058
150603
134273
456777
220973
573911
855374
727526
418889
550165
956424
888514
406658
395988
482816
358158
254927
46365
570693
385334
65478
25097
574338
168743
98641
834636
799119
600108
656687
713889
900477
519523
467055
602518
52652
550799
776195
643642
34297
392568
96674
682087
762118
582170
225634
649834
77271
832104
215741
500121
428289
757794
678012
842576
659069
839272
15335
972189
973830
200225
528752
346562
73665
181840
705232
658360
615972
455724
122522
508194
804537
307566
731645
828476
169597
714743
835697
449201
792882
721616
418909
621149
914158
710177
526826
363996
789364
676122
621041
41490
189421
230983
167937
333628
245912
303047
88309
461900
692535
643030
342678
651084
878616
682847
658308
8314
275556
585781
500564
703375
439167
214600
755756
185150
408801
850914
733330
70494
675168
451276
494047
133217
919590
7783
56186
62899
69915
887012
691824
101692
649263
640245
108419
687558
428022
743907
17109
165456
520752
343022
276057
975033
155787
748971
155238
528256
725638
714967
416668
534698
617123
334258
161847
320977
939830
961765
843104
393800
583418
453212
727744
969314
660358
809002
436759
260192
136670
512693
262152
50534
302752
240012
935237
45770
298526
786242
266910
204205
683097
640037
623817
20241
353159
537277
934035
458964
705066
425521
908267
512420
938523
810173
521323
487256
86994
132070
32785
434803
400362
880381
141488
987957
822253
345824
68951
63102
225633
547839
703714
775034
868209
215547
243836
364202
341158
552915
647368
493123
198519
968070
46273
779074
611881
644222
265596
484549
911459
398537
520805
715470
506229
363685
611166
761120
754306
740137
803941
47746
164730
689868
350100
3098
207993
814413
948952
716868
997571
692954
873723
624752
203411
771973
654502
519213
471189
446949
40761
710669
902529
371423
338265
245580
387544
491060
888762
728453
240534
853054
459578
681222
343128
973687
238414
856260
641422
410665
328655
954829
91746
267033
745339
458367
208704
600525
981798
695818
193017
738828
109265
982648
332992
76518
627522
716268
171296
556242
30132
311556
148
611867
702669
344260
689894
174747
250343
870155
336686
38000
874969
435729
157863
564430
689973
548156
555698
124888
424362
956508
806924
612584
805323
299621
653009
499385
357806
1788
27864
302134
148972
881150
547128
244944
460316
253422
529045
827533
494408
155682
820088
183396
527122
880693
236037
834320
40620
103532
98545
63698
102716
394739
259436
286726
848923
795512
362486
518768
302279
554610
469732
86278
523212
738220
326962
973903
438396
348834
720360
168578
494847
196396
361902
56725
27387
720115
992925
352676
224839
208313
391685
654952
966055
58501
418335
113582
434597
325885
854567
294085
361037
921659
807934
866020
240982
606982
960199
214169
254064
104741
853165
952558
676375
699848
140982
600492
413356
136899
974547
657544
913743
751550
784438
656563
906282
985102
134761
378097
13571
943733
186461
432417
832146
739141
103133
178270
653
324715
892530
654366
707917
861182
990788
251149
333941
843878
763381
319210
737905
811677
500113
621801
294179
630970
502597
970635
648746
475216
838625
26604
807148
95485
192798
881767
158997
911788
488156
124503
20090
580684
805729
953630
502652
538946
403940
42971
530648
488641
654732
276901
326621
469083
185214
962178
671132
709734
275577
961696
763812
308600
87999
867631
94105
931737
288592
455939
373258
369908
12998
230077
931521
930143
611465
669272
677361
249625
771971
187986
358440
956178
21125
367160
671792
271536
219383
395534
480372
282093
497302
624838
879387
692341
654688
812263
854929
998173
517283
841769
99372
968231
896337
843835
199570
359036
295532
859944
460711
298866
730772
599549
218786
905859
643571
752644
754013
651757
623027
119103
690034
184660
836891
650082
602215
809938
267602
70526
515392
231438
552095
526659
88211
622639
178540
326572
431574
114508
72613
449206
343094
913855
665650
730795
69269
771690
389085
156526
955446
587282
552084
792276
539422
319493
817083
481582
524438
595214
37731
183496
333175
774306
244185
354191
898042
685236
622248
449435
64283
152282
899738
390890
279341
542690
268736
933617
458400
590401
368082
864702
186898
642291
845785
115874
488838
258376
110930
100010
903000
311760
396804
826433
517537
961421
400562
947334
30194
173892
498919
577533
51314
167251
516464
749386
126030
673777
991809
444656
28725
962139
629589
53554
285303
797870
726542
527022
464044
686873
348698
668985
465579
12290
46882
825729
428691
506035
510164
10798
10199
108225
995094
388929
646279
995003
80430
616356
142463
519719
557130
267510
805223
663631
994599
497999
745529
432324
378176
800790
581808
842129
982733
395960
137200
992097
174051
205295
235788
308317
153536
220080
451809
18894
628159
676277
942407
987773
878076
761430
371165
295777
179341
113399
651622
501371
523878
126902
57562
586999
144933
580118
217027
382566
768578
292723
404761
582935
48025
237820
195396
658230
371588
868235
75726
623282
488092
483729
299690
554704
726794
248525
97716
820371
328859
929734
488797
960875
701062
933665
422793
208675
794927
116235
533963
97954
34171
926428
197563
60925
584763
891179
514694
403582
780549
354763
423630
524065
865393
367974
249786
731563
342646
967384
280643
73442
443964
187851
64350
5663
689025
673295
287820
871360
968077
379254
543083
257502
101285
405735
825132
276418
538377
618200
356912
324497
96033
723158
388826
64573
299737
761257
369397
149626
581205
391684
594145
779971
703085
779399
61990
225659
4152
894942
165741
542755
116234
313176
295448
324198
138287
229555
808184
539287
418171
20306
27476
301517
288675
893866
665182
803350
374489
499004
146804
57429
55713
732239
836439
260531
53162
907130
527199
642882
318118
754247
449246
676595
717840
549328
584067
726131
408936
254823
326725
197278
849515
922287
909183
53456
98068
408819
740623
785477
333794
851200
916520
715904
903691
213980
765789
365429
920389
339044
900219
543675
785294
199381
903816
477123
47083
498698
488438
800037
47736
783858
201648
24384
216635
722367
528730
122524
476726
567881
121675
903845
147877
219403
820596
768921
968225
804543
216936
368227
745071
862530
743783
860935
41887
426615
643499
460162
267117
793583
151707
968066
865851
750951
55201
93411
783281
324579
202557
568722
313282
148730
978871
734148
334857
140170
972481
512694
366609
491964
687201
329239
325312
306616
499531
364958
79423
538919
554307
676348
304676
586574
332721
29440
407868
749214
57170
237459
11635
302315
403158
660542
923624
584369
878034
206386
708952
534383
664823
768519
809557
63833
52538
727863
528110
329236
697796
671953
439152
11301
49897
955600
988244
861452
200086
13668
199630
877462
893890
515661
416884
49539
995898
499326
943123
420724
417407
22493
738843
277809
299844
373076
190520
975646
591487
249050
258382
851654
899514
853095
101085
364592
315875
83794
326477
746250
197920
600967
763628
921008
919838
785920
370164
68657
289675
952779
428451
249303
138848
874059
754736
325863
549347
441733
750836
266273
516678
10402
224331
164091
863361
130625
823476
440458
166282
18269
110775
191421
550635
828202
344484
344477
54948
263189
622360
717392
427144
965425
29874
571814
286504
891923
911069
615799
502204
490800
389776
668465
810978
345067
36055
628874
408040
884296
230545
748405
355991
68422
371834
331497
57094
840454
811974
903034
29484
979983
644880
408811
835076
33644
368578
89052
293403
857710
593329
284017
448602
623085
282593
438060
598608
84829
795650
690039
816481
377060
422091
532694
575002
890350
660818
775118
617563
695643
854495
384914
469726
874272
662229
650382
807718
319720
843929
554020
440789
664883
662316
529157
761063
482192
660074
502899
442487
437251
781405
424227
898734
386443
579208
77609
226783
884083
106323
383404
978333
800462
660580
26220
895701
682292
742002
107785
889533
811551
48130
482592
365337
230933
761391
28829
333164
162455
747690
822265
747628
745402
714819
639980
840771
530004
514110
193065
766908
768246
232283
606797
708498
471604
865567
407758
862111
356312
239767
907658
97059
519431
612449
191107
552947
237039
287216
196814
744183
530171
368260
542556
805719
85561
254669
446808
101484
608661
110653
331931
837073
699732
964121
701270
65887
978387
153562
853942
819070
102791
464207
810661
400436
961602
516802
79315
925685
718309
871373
919110
968214
561539
956491
243968
371033
794076
360424
40368
628664
455514
31866
530790
441828
490031
568600
502785
546075
197814
18706
407419
162826
876866
47766
198858
20589
422145
132960
450261
964689
174783
315568
59896
490159
697261
572597
662860
313855
323124
536018
658168
629200
871938
585323
756623
83362
884393
80680
297304
536381
448516
663022
399148
458511
392799
441530
787805
196944
20297
822898
352168
431910
891722
446130
569682
365637
488418
641594
654603
915920
308743
940554
539978
193496
657642
258072
708207
123982
129687
5216
409115
760844
593411
868030
751615
297968
24581
577207
639900
917971
82476
127249
784148
310660
713518
341966
694655
324203
575859
574610
805276
614503
937994
170800
348271
438708
736808
255239
289671
233756
660670
482975
658421
818836
526240
790134
769440
886940
959811
477431
769993
245464
138793
901512
842392
290970
93200
817867
495448
337084
925798
882717
200900
144491
786734
464275
912348
230567
607759
416969
613930
556515
732578
679635
268946
415765
983444
992864
298090
383558
39894
679966
290740
257889
797640
91013
727976
718227
193235
289345
406962
987986
356935
738102
685883
872822
303204
321206
549150
475179
680607
465838
554067
801931
89126
463245
839177
392858
119170
848707
95809
700116
6
507232
717413
82836
769288
639848
551458
917883
277293
224213
571147
586742
155781
988367
642211
306155
293421
351494
586656
767976
414782
234324
438876
528009
937233
310333
211281
571343
361314
527514
658892
112163
264369
360708
100474
315527
296271
848192
477984
439347
748500
417571
175764
202716
197179
672600
740775
586597
477242
691635
159198
787029
631263
831199
930355
385960
678719
161003
558221
518121
360327
840250
403295
355254
238748
179774
757047
903280
878748
652093
848413
846605
238248
829580
569299
920814
547206
204283
56183
62527
678395
932729
316859
655270
90954
454348
930553
623274
772931
708643
26777
748327
486609
12704
359726
678601
274622
758593
15747
766970
525527
647357
530117
770808
186553
338923
618814
281312
400286
805805
537551
496272
11346
306599
448335
793223
560491
711471
324268
298526
15189
899770
922587
541675
566669
964754
818238
775957
847407
933541
36563
2200
103145
13245
202365
151471
285915
52554
324440
148534
181035
201671
163371
291359
755592
48303
573237
40583
563192
787988
727460
301427
466717
61708
576051
677795
194945
614168
161374
398053
392329
811582
493288
395300
161351
534004
765435
486693
397799
285214
156256
528906
219874
422714
834256
980077
590845
243551
944883
439133
505798
959977
856692
75028
726006
951773
714284
88048
922688
454072
909510
907834
666937
567703
310303
150702
732022
510
790086
684503
817548
641955
176948
506344
717070
776490
653136
199493
774878
189259
607527
669240
952734
642453
867627
783030
839627
117964
954843
595118
72925
179661
975820
193493
881850
20044
270295
464508
711093
535506
310285
702680
319581
415871
641420
400466
707266
160546
943061
674976
364759
151574
612302
158971
528574
168475
762747
887875
150553
392801
603625
288457
564079
982001
22677
82966
543808
996896
339570
610139
425256
233992
233686
421814
422996
934310
912372
620813
273328
252951
913886
238374
845926
591871
962373
904703
278818
464205
137852
876154
447688
421883
660961
618660
382658
824749
449688
594228
66398
187423
453786
590209
591377
37583
100417
736264
79312
787988
278642
979247
539550
200511
849604
993518
140202
263342
373622
939389
604178
344333
501437
578162
120682
58934
805711
39432
924418
185750
618694
444699
964804
667227
710422
914769
311340
206074
302380
966541
329845
105513
180740
300892
557274
876003
363157
599002
682166
231181
423023
353729
134656
86757
799183
211097
41749
575025
689917
577813
152895
591859
311307
3158
524592
483358
83150
886178
100679
368699
817057
110570
371689
965698
817113
809735
383337
261528
390223
935718
712743
709036
572969
460406
77472
622990
420088
956421
680022
788146
199960
68301
551294
731491
679393
592628
918209
92301
92130
248178
531158
880508
904288
493501
2740
43628
420157
210156
363537
889759
458838
826589
991412
712597
354747
377174
590284
291752
776211
970301
246520
508973
742636
659742
570114
952060
223456
730321
25499
343223
752657
699187
816155
138243
48950
695747
324055
873984
130240
726221
614956
138183
493665
594869
182459
683217
196311
89361
38544
185361
278544
552035
203183
792663
477613
912576
44120
450562
262429
457665
604643
150234
367015
192282
419858
860711
366993
948820
924863
768800
714585
429771
13744
431831
707890
489814
390204
324146
320188
896307
317445
306036
286010
676822
530633
500749
239216
613595
513126
682718
835061
62754
655924
881879
983107
205412
337359
393532
339147
108074
110870
948035
516795
903653
624026
460539
912279
797008
116079
694584
294992
951216
716169
946087
710317
740530
795134
244579
643148
84438
269865
493567
8364
623508
711726
720313
508310
935000
230083
11322
538277
20066
950814
51435
218535
63662
282892
876460
46518
553612
923625
44203
234284
572203
482323
689545
618692
845402
725496
504918
762647
187493
32511
592832
983550
993772
390292
52059
148709
108993
224502
711943
137486
427047
744368
31461
989226
632224
626985
725543
326436
936825
543536
1804
426899
105720
103539
600698
375996
865542
331315
521691
243627
983104
472271
497628
505629
973916
227079
237962
562146
67263
255213
626575
589877
640820
348323
264562
847941
473730
969180
93433
1169
888526
182219
746830
206489
490229
136927
591889
227264
573180
734785
881384
675921
180132
339917
933684
114531
967465
713111
333289
244092
187255
192387
164958
524695
156627
637930
359581
204104
171868
95881
996460
409904
334100
192723
316195
753059
689890
881415
657556
615892
396967
656079
430259
92776
485555
50462
164371
486103
876796
887290
289615
813446
406810
582838
920494
836201
103431
396207
321981
71706
296809
128188
819819
288240
487946
227336
347078
319986
523279
567362
429285
126294
150728
653701
452609
152115
907044
111818
756203
646719
125854
753732
485569
947270
774757
120715
753619
190391
363895
331941
848996
664030
337660
35979
167266
890633
170383
915197
628302
949044
490691
963051
451870
900775
48355
29849
638094
696147
307278
464408
755408
262367
162515
358524
187350
898760
420068
429098
421260
480375
169074
176012
691258
380915
474230
434709
376203
196191
641253
493866
432894
200552
541311
373908
972315
747118
944871
182255
457870
868872
153895
234011
434451
109976
529401
443980
723561
443916
374324
176636
967022
811777
374229
13943
559052
925015
415133
839503
622761
934005
602175
975642
429045
479384
926315
941741
821450
196710
846300
290088
807085
786899
156707
537232
762481
660006
116801
737905
494260
407137
375445
7385
667589
109012
732094
761579
961983
148121
862988
958012
541114
413918
317113
756134
842647
368110
571889
613102
671347
142065
262808
583750
427450
499373
410600
319258
926304
564951
886374
190500
218144
78474
796821
603890
56396
761824
949085
158852
824005
668287
630829
794853
834028
177622
356755
298195
704455
453993
730438
459044
287049
738005
946520
859793
489730
422846
160140
476966
330074
419073
517925
737235
420602
128124
529070
637702
106196
185204
160717
101050
265456
413046
908243
826563
936938
967013
196608
121740
773656
396529
609637
878757
356792
992381
515774
235810
989284
723330
364322
79015
455439
815690
591272
652789
710596
50992
958894
711724
942053
967310
150374
628913
910258
667645
178391
711299
418891
196065
501376
906293
206992
43258
528794
175722
689338
882055
867064
295867
982286
706612
350929
439015
442204
624905
459454
971508
209018
946366
263729
714413
587807
745632
288806
698732
910145
64105
347479
297199
951190
374071
428230
563878
617814
765133
947311
218496
554217
328560
3034
737186
413598
732448
617129
788239
521114
990131
996898
359953
797307
983269
40752
946750
337016
393102
779705
85573
432532
49668
665902
813366
249440
915926
987775
230143
785117
309378
547030
709175
443263
210624
777955
426811
93803
251671
531889
323898
73031
554607
728282
814875
577184
349628
153847
817470
208667
519495
496125
552160
258298
751381
365510
457360
681927
445497
688399
887437
97013
296871
933181
362726
403124
560227
688544
750840
729013
211854
955149
871939
141772
771725
982287
311168
520366
445453
578875
723104
871068
256185
714316
808606
338909
573713
261100
924266
317131
326104
136093
687010
876340
366999
723300
84295
719705
607656
763904
894373
10995
63659
375984
145217
973046
299154
98113
94858
385280
904338
221919
51098
307318
865702
75130
183803
803426
760138
630116
120834
475346
549274
815466
741405
358818
614044
735753
898052
910438
484930
328978
202709
325468
771872
278168
660835
776122
998695
777624
403978
948272
286987
499473
630232
600824
575310
601631
661585
740643
344332
774645
564225
997490
22211
563781
999021
7393
428124
802576
180833
894755
497950
481167
678885
808085
893529
325795
879554
738439
700456
90414
516138
352115
162474
992770
176782
147716
932022
221803
690339
136301
983208
109015
644706
385620
856851
683550
66667
688505
51524
506599
453659
682513
120865
936276
39485
739086
583361
222176
870012
345376
705517
625194
328200
636940
349471
903078
601564
807222
230965
912878
728556
616512
934015
349258
372890
902963
612027
723866
685241
141746
229358
422336
547919
284510
371874
683662
545823
409841
783802
157361
377673
509209
569866
96955
738976
202903
39774
138030
138220
972443
86338
592321
823940
708059
870518
68498
748092
230488
214115
69145
18741
85965
555948
136627
819186
597366
385096
376315
171023
770142
331143
508555
986818
509907
808381
365942
602132
610678
957942
471051
352929
676663
269847
199108
486586
641986
182115
53205
624417
452568
93746
724577
532940
531766
252956
33430
169760
725946
689959
624412
803516
167479
828651
70297
320814
258960
551254
460615
634875
691956
156554
140355
854355
532533
375731
87116
455237
292677
115728
197015
902976
353998
819448
399050
470202
202479
257073
189941
890913
292271
739651
176995
291499
506458
494163
124491
19815
850718
561792
987117
832493
456885
321775
144476
80363
744872
572379
502623
286787
947991
938004
735725
575098
602488
595435
357161
895878
176053
966764
781886
748966
930125
113563
254754
815189
913622
160082
533046
741076
215056
539973
243676
648307
493624
441141
292104
190942
839712
37254
648233
532642
730607
573357
10802
915202
3411
997870
415975
994242
735071
473357
571285
709152
24203
538022
18816
920699
394091
958191
41495
768071
137057
82992
138597
390676
755819
801416
505993
872538
135674
734157
494858
509240
900815
922070
414023
600922
118404
327125
962831
432084
837990
740480
110831
760644
396162
224291
15398
257620
858727
206159
61872
840119
190129
763547
167825
629193
584668
487117
971833
782985
760030
172160
514647
970071
920830
607434
112514
571845
485306
780564
556036
451581
166801
544216
77385
501091
146203
615685
65276
156661
704910
914076
978494
442948
646602
31634
693169
664877
444773
578164
572323
201625
833696
906855
324962
800838
350768
436691
147961
709182
3001
78556
296310
643236
206255
676790
980337
199282
892679
373550
7283
733891
982156
800485
34768
822280
797862
292786
264661
73978
740725
813632
990694
774087
854905
623040
166100
157852
693530
481927
929526
309907
223649
685141
103998
866950
408758
603282
698267
842008
981644
375582
774226
600051
152495
828632
976872
999330
743963
363405
962821
669936
754398
176224
209088
34315
409648
656141
284674
883420
738460
405312
807319
42150
284055
197272
847276
276986
638007
866308
996338
612351
713457
704081
708175
173652
665080
849807
51080
581983
754754
466988
268522
41775
952095
443847
505139
77807
647147
800851
394872
542234
875764
802941
66142
756535
462411
348131
674948
349979
968902
168178
534113
908874
753658
412464
665715
237427
26714
205283
107511
627621
344334
765703
373037
42993
867353
155634
23781
756208
345705
884336
158698
846561
408023
64422
899271
312968
987139
113816
65312
145000
670967
532006
28321
39384
136412
973180
862788
67796
645068
169353
977947
16790
295716
278426
958303
968889
272221
37686
80752
713236
607119
544766
257282
110551
744954
216264
406809
659286
676572
676334
443948
635569
928979
764658
972583
547462
387662
789018
935331
385601
794770
749322
639729
237680
996493
958464
397552
215768
350134
490107
517790
787453
639443
843273
816351
811642
97446
4595
361909
752412
321609
647254
100318
880972
678340
316460
137121
757950
759875
732162
869768
459147
182968
664191
269197
509105
563901
818961
62176
40786
78504
377504
951374
325869
888981
870012
709420
309497
201571
62482
892038
683278
139285
276492
233402
786423
663399
954903
819975
475609
914769
319024
897166
476716
721923
425108
378135
740087
509402
347798
87016
929504
180391
208825
729218
958897
162987
775598
484253
430498
162344
998493
140498
545645
394624
658461
30875
275622
737161
535912
717802
297310
820077
912068
566471
517393
18491
757149
708777
903082
40308
680604
279749
107850
238837
853763
129950
678021
405745
714587
831535
914695
949005
615914
663109
269119
740298
712235
886584
537623
647398
96560
952182
32651
880598
688591
753499
590265
858447
299796
573410
163427
257381
197833
824536
963747
220836
33361
18495
364926
291747
725916
945419
948258
729282
485322
293396
70166
870548
715675
346857
131503
388524
727882
190493
101240
188423
446877
511689
862731
144739
427063
361107
705208
248394
145654
103655
514440
219844
450153
351205
896335
123809
934022
55239
704192
437514
318168
573362
853122
972331
312569
676350
64834
297427
615819
980392
726083
2531
463070
104518
872465
59584
589837
289914
243641
15912
335598
356890
438327
636320
850580
849655
711760
870100
193730
949354
222522
602829
858515
949415
42689
154554
477659
881848
656238
287341
978175
177207
947891
574790
575752
346842
729362
439647
591241
435203
770582
63051
408851
617959
147509
658960
122269
848321
495859
319205
482603
233626
457547
173418
15730
451765
30948
4583
265846
965436
998403
952804
629494
524213
836337
44079
102379
96713
983565
853180
55698
374347
401835
670571
410532
65266
945176
678402
288989
271487
390584
65081
790843
82588
195983
446316
433162
972240
98981
950175
296465
415137
398684
823763
84498
174108
677305
833546
410679
73373
504758
954703
63769
785353
477563
814854
526788
123698
518101
147458
218341
341889
772353
509144
30094
854558
818567
566691
408217
738339
3687
719208
797613
416243
399231
279362
8228
898116
640146
74498
356016
994228
725381
629678
673050
189193
393723
710014
405854
179857
110156
795222
424293
882407
485765
317854
653199
439379
628595
211725
518160
140077
725251
165221
530792
592619
536985
829700
728419
375938
107220
204369
889426
984561
727331
815313
202576
913566
70671
892761
389233
368542
3471
604036
511487
556931
815167
933874
573896
780118
611234
507762
775083
169204
999772
592208
76654
766165
811731
490781
946178
683839
311951
648964
625175
555733
484562
17578
314689
897382
871091
390441
340738
506843
79893
63693
836246
562654
877878
303821
713333
83593
963243
156581
449854
949907
364824
861886
436285
866042
186773
319377
865482
575332
579208
135245
957570
474657
301360
299787
860616
962957
139849
115904
533831
19262
666587
544889
174329
582705
736215
266951
737026
389575
898658
518411
745072
111507
567451
528493
634448
536133
530944
984704
712335
969697
53358
727527
676059
143650
817118
717723
341720
779044
689367
176535
175548
701903
670661
937175
964221
865855
223414
776645
79548
767895
172205
537135
293163
18233
258968
754487
359376
379349
581341
762266
196660
323368
649445
790683
456766
726469
294609
197305
141946
161328
960394
909092
735654
904267
134729
60371
325839
663800
145858
802583
333646
653411
238142
15751
195983
538462
14559
28692
896213
72396
610774
9229
505128
411870
130185
348315
689108
572493
689549
537213
715814
93324
675490
895591
22073
435202
23809
843385
417171
468992
111501
371045
770404
871309
495374
143125
980461
26207
254153
552563
380562
605955
837232
329953
631272
505492
147265
19340
378198
592741
622469
446259
114033
271306
36676
472018
962009
23191
971805
113731
761486
825186
586349
925001
985609
617376
271333
819758
719158
250222
695949
737801
934761
536923
19299
529337
893025
694588
749678
263845
783465
690244
476034
13362
79291
135095
159039
446867
314767
820780
750979
367690
700545
158079
556580
100753
26605
899872
121681
177874
22894
372842
987976
141379
176380
535876
990404
79323
864573
384820
661117
466509
738236
759807
93900
220788
560373
757353
977722
13871
85325
192250
73901
581972
744461
584477
642233
59486
730349
565525
360457
226621
412405
288711
686368
323482
208342
883765
574153
501986
970018
572482
688796
755750
383287
119552
655296
851290
983411
291288
63467
354955
961244
450058
504998
413399
827064
634937
76244
30133
807015
250645
965425
496616
357616
830225
686078
181903
6995
117309
352718
284
873722
859498
341697
185705
550930
726279
284979
470164
621333
525292
6080
105352
568322
186152
190851
381482
691711
883316
33521
858526
927076
872517
656848
442187
680118
433529
739084
914107
748468
209121
291381
816541
659498
97630
28198
953740
154168
702550
112719
679104
647473
572978
506132
875319
300211
553463
609357
846905
970187
167020
950846
433360
164183
124047
292842
62388
384881
921059
688299
384000
869168
237187
821219
354922
15347
344346
808883
137675
855779
999708
804953
554412
499015
756917
775973
350259
700385
883145
880223
946973
318436
116380
883350
570373
85790
234597
883211
645162
258893
234185
768301
919203
740244
887288
559256
394907
51063
276062
115213
719492
543550
7596
89516
67253
644115
700086
927453
846310
286811
613902
733065
245935
535641
157988
68076
969361
122313
256782
924059
588855
943628
951166
943388
280202
116142
697662
721583
767783
844148
960764
666055
830908
12560
858146
754295
910000
147581
183265
871780
533417
966312
335478
201427
744824
487621
868699
415646
399276
708866
151803
374373
910015
647051
400878
366379
36375
937550
578883
816755
47604
576583
451199
552396
802177
823215
561016
580472
450031
543882
970255
256538
961735
821627
593410
5337
992520
387868
386443
545211
476937
95264
920804
628335
416120
344760
925111
634077
564006
724845
929257
108239
103115
628142
833151
951891
595347
930475
29003
302268
106067
520596
325593
637959
890306
217333
459043
210214
734427
24568
891939
62687
695864
563034
266071
484808
391455
382204
69765
739876
28600
556904
354201
297842
812342
761037
540974
743115
585949
924060
108253
275405
219124
87746
539065
944409
531378
44556
438050
815935
654902
336008
530823
389938
809886
249671
574604
645935
163635
566469
420389
526031
80199
472338
612193
421282
912725
551707
887685
969820
605686
199262
816586
300939
136614
916925
668598
543500
707248
659774
322633
239016
249508
678175
665760
833346
710080
689550
669757
248279
716205
769571
724397
919421
77640
72454
373459
683762
230773
226999
781018
524856
342032
619027
878470
332375
406748
887871
769149
917717
299783
885709
987962
390421
624696
440243
592417
699072
593981
436557
325691
211875
998639
448461
161434
420986
898758
545150
544186
406589
321614
862736
51006
306574
681099
538522
487016
428362
886988
97274
149086
78595
61362
843660
66855
760357
206147
500713
618245
746247
911941
917850
765641
246870
540233
830264
435580
900281
22611
594988
956775
606849
896382
880858
241320
644171
222163
612807
761451
820502
705358
683129
395585
245849
299808
572771
344471
426775
316998
91304
547153
88156
700551
664826
854565
645720
710556
932434
128883
605095
956811
707590
765439
567207
650164
642434
944801
957069
593437
621043
509236
859708
427008
607073
570739
896558
412690
366052
369865
658450
385517
321888
16585
150547
226694
804264
621409
642552
260363
733444
522929
586126
25052
890932
212119
524225
138778
132958
22131
298210
714362
383550
869626
615102
362716
965867
658136
217542
347173
552467
924302
545429
371508
414050
948860
332841
352366
512640
754590
851370
823687
879711
818323
558051
781128
527164
712626
97875
837142
806660
622264
331451
981993
532495
277420
995355
144298
884668
655817
752054
82583
270930
542855
779920
982333
576142
302362
196988
397473
470756
227133
449984
922093
459249
502608
143459
316692
944567
794066
481026
928452
268163
824724
498550
564112
280239
420348
72611
987902
76459
183426
42294
863004
110450
733563
283183
181950
88753
924113
667283
405435
155520
520572
475777
533131
588007
958804
469180
266722
545807
542336
623894
379777
468032
592081
319037
713101
427455
755179
516739
596051
110574
764249
612250
549927
63233
216516
992328
860598
617651
362148
529074
324389
658466
937093
121868
342382
500187
833416
754172
693719
835604
874388
781899
693135
708627
812627
102395
370677
604608
942452
303595
490779
989546
766320
364503
16937
711713
223162
452378
240054
28131
826460
415079
902491
926130
566804
588190
558693
232969
796084
674305
87327
67398
445350
121856
621746
496545
438879
232893
833933
160375
489130
875332
980566
946615
656721
633510
678421
254818
970377
372191
404176
217896
552508
942590
925458
77570
224303
932366
485713
147630
404786
414501
157711
833076
525316
633751
713633
269134
779517
238767
658646
345858
836162
158297
482187
830942
508908
684108
113457
537864
522565
188199
749571
261646
108689
939914
684657
299294
654273
516764
25280
772666
794159
710877
551540
176173
163662
181629
937751
450820
603861
740454
485787
156848
281588
979421
222151
478710
574459
598845
937170
211134
37161
298319
250740
307278
175779
425202
875132
301670
377236
482663
960588
767428
514310
804439
919740
340016
173839
401348
955924
581541
291277
51161
71157
644518
869235
142003
755259
443022
672308
737633
68750
186847
822918
407664
645116
703487
587679
161642
742453
253806
369418
675521
57289
447792
941443
867416
4699
250803
164706
520563
192251
174660
572334
789146
139225
467856
725912
799201
182723
776002
862862
778408
924490
327861
75755
533421
807695
94770
127407
54671
279018
860836
905836
230151
439101
103999
71047
818562
248234
188115
159132
105148
629222
118301
627145
100864
609113
295803
662050
506257
846125
472376
106870
989568
382782
617677
946105
412030
843980
430840
994114
120966
978972
870922
125267
582307
112778
966574
879645
503834
282497
221219
336291
139953
484463
345706
627394
256854
131658
289958
78123
361182
508011
990645
39893
360183
493473
694778
521910
690026
891460
569383
917377
15571
458390
1554
159927
981520
478248
346850
445428
466648
315389
210078
389926
760651
235276
63075
699026
246638
351619
765843
742716
720277
432944
683732
325619
616611
858447
783657
520874
10224
601419
631739
841022
39411
374520
398387
648262
395226
530014
423272
994828
847069
205590
336596
402047
64117
943388
180719
103953
378138
143428
14413
42014
966700
891390
941095
141596
428875
721865
870376
329137
444371
333076
808250
1007
609680
109603
869166
578151
279280
891220
778174
391885
238171
410954
250589
726891
312498
933204
100152
549535
480720
469024
544462
400739
850048
969447
271284
179978
518102
747844
335997
925315
810432
338930
871190
485647
193952
937419
459683
730324
788086
539493
331096
305591
546077
258015
26069
884426
137096
754423
63711
448289
726492
19273
877922
272585
697035
691564
379184
978432
142922
360883
52041
159766
804195
406222
782253
707693
637428
270484
196267
785355
600254
100332
605371
283647
513022
347188
311875
994036
633913
534952
695978
7633
131194
999338
462375
118737
139569
622123
889279
217517
23113
963666
147645
505748
137980
805732
317565
108374
128
478240
96045
177572
694119
694569
204519
474150
669698
34463
661238
460475
969168
340362
256112
489122
668581
120637
407735
67732
471114
990352
82756
87548
293166
360243
914592
109012
764187
522523
446293
534423
243427
22276
723265
272470
625932
326094
713377
903451
602880
714279
76563
458348
771104
914903
441703
113325
802956
217915
423834
53631
644889
564148
190092
86295
310708
109652
425972
536324
3175
422898
997866
274058
951728
921949
217932
516126
851318
437485
337997
365226
812896
159243
737200
876130
599969
524005
375291
110013
735269
652363
822941
450277
219717
774030
324135
489770
519132
942541
269333
449445
957306
373300
849368
139497
640631
211684
402856
703398
650627
326513
607954
376502
4662
53069
75230
417623
194580
630909
854966
305400
144567
360663
967510
889852
669463
461587
918974
211047
55616
537397
603896
647403
796820
247734
75587
597844
133175
235612
322833
994865
137845
467647
592905
238552
30809
685347
307346
964213
715769
334916
784223
337659
320844
64489
24892
845397
923101
184364
383203
780414
203973
158164
609594
480449
97586
423283
362819
184702
844890
864308
914062
854850
160850
496486
193552
200174
197289
364342
735746
715034
376872
266462
434567
631489
47304
297538
102079
721093
376398
766943
588970
28674
881520
94497
628421
116366
909347
454516
812078
595424
501508
469457
754929
770439
315686
333031
900784
516022
145909
112603
238593
318386
332109
712617
705108
378932
99482
667970
914127
341392
88572
687823
557019
942218
247696
263742
368492
393640
179813
631909
265929
281250
263839
36212
11811
380667
501934
935989
191137
544167
30280
948254
976950
593404
435518
953278
154767
274384
377002
378594
481059
361238
797928
534785
922169
84417
999416
261852
109297
749570
553980
501788
540370
894318
587100
930582
976840
355868
326799
88655
571497
207899
485545
11450
558436
8403
728769
556245
343959
549525
19932
58798
261959
533198
855443
901392
575784
158484
896712
975946
747817
284009
13554
254945
810850
508625
961897
229828
161453
29092
475304
355766
727169
512335
7488
912693
92873
246555
764113
958452
129481
244765
763189
842375
823193
369519
894557
564106
550489
602387
679686
679266
981529
211362
726730
699415
138075
932102
150422
767161
58587
814695
178091
580686
806959
64270
326890
593080
125743
580990
723087
830969
53174
630198
965448
42658
359846
639627
347040
516934
197003
81407
593257
230468
157361
495671
18311
963323
98126
143166
434755
714090
759215
483960
881628
516023
647019
444408
576094
52492
6569
133718
759659
397181
941016
531413
90485
748774
817954
639591
816378
304662
151074
459705
991082
668559
364491
592974
709916
894090
940560
737770
721292
498954
232597
467562
341291
330059
42636
403851
492521
453132
919566
156002
791973
230915
139079
203347
144776
724035
441689
318566
210122
508489
163033
541914
325909
330920
697699
69255
145585
353874
503776
539446
678024
77749
588926
377231
372640
289536
762222
585186
38355
803762
539365
828303
719873
365021
666076
224665
838273
690471
185824
212174
926014
999028
903367
211077
478310
324062
599183
807151
429201
677976
131698
754117
754208
119531
999420
119217
968984
550412
514785
411305
861107
530775
409351
639277
205893
728095
811035
683421
693889
930675
847695
214722
734678
708175
482147
507347
467584
752492
296034
500042
699757
634194
73605
422894
320899
223796
698977
649181
918666
1577
441658
753792
943621
214049
388237
806605
850135
488943
318112
353260
412093
724128
186805
578470
927140
327789
157657
467162
158817
429459
523276
302878
620730
361488
454239
137013
173919
268419
629485
936584
974796
619042
582024
436881
741488
381279
702573
949876
399270
100524
385198
127429
538732
541520
798528
234528
680618
469840
840218
596735
782704
494678
986712
390670
390929
505493
295174
811530
749838
895855
41226
853618
547963
684771
644453
406181
810808
913575
798728
527934
786008
681985
991225
745869
839532
95577
257798
28969
841929
170814
498500
952712
413405
174225
547967
561488
424138
306457
227070
414572
823577
911261
731317
443428
403144
462407
841690
763304
106008
239834
676705
934915
743857
459342
699551
319312
118560
269831
167421
236685
981179
781334
140721
593489
799656
966299
816233
833060
266134
900958
55846
856373
739173
950237
616615
968871
203605
114388
939336
50464
187175
216369
311797
765496
795996
781245
726439
789325
69348
532719
738310
955370
996473
659345
803370
576170
352361
830776
591301
589789
834342
108705
890989
856553
756829
950067
669438
165543
160968
266194
686492
761615
7557
164013
909733
519517
503303
204867
827187
668776
580335
746157
183269
457769
233459
383989
454319
707222
677863
694937
661366
647336
606715
887373
644802
442741
337453
51549
397362
938828
820561
871009
992900
425274
688827
599799
253739
967651
152128
248692
776460
917231
233140
425306
553284
587807
27268
275970
915163
686137
555211
410896
843528
126180
755017
110542
986295
836947
934545
709677
708645
704716
740012
463865
964985
853476
721593
955293
494557
666573
978412
313234
503235
573443
828075
440677
920738
818784
137248
386419
784611
5678
73311
379582
374133
63027
323960
521679
455309
287562
724591
742406
726173
784975
500282
781279
291358
948057
729894
157927
403468
937012
443964
609355
995752
3437
606759
82287
567623
356170
992365
93422
3564
464051
110711
891362
652423
35166
767069
62471
100829
741548
753809
74940
140900
86854
879489
844617
145261
899044
704197
655463
996504
458151
37138
607356
257814
925089
832767
650762
705173
372090
880758
307759
919068
265345
73434
494990
971392
697549
775221
249222
616739
305430
509962
293735
549526
442948
775949
180784
473101
868634
260300
971574
187944
729061
455231
354075
207520
586598
629619
187686
998251
182874
161635
43829
787163
202756
120504
515578
808614
275584
315210
515175
576754
432527
300835
826657
151867
833007
158233
303861
620091
697570
543012
281544
470474
668624
423292
73484
84486
973337
500768
101477
49326
781716
102295
63809
367693
552056
593894
30342
104187
361363
855443
563432
513081
284394
834259
478966
596
399082
967038
995600
251253
133180
706762
87408
753465
999633
946233
260885
886050
464927
246376
295243
38500
542276
375172
621953
857422
835626
114046
263632
250475
305855
515934
861805
