10000
524953
697899
585740
761070
627620
361297
495713
811588
542075
386966
435898
879725
452035
857207
678315
728365
104868
509469
111351
19340
801781
3343
611217
430455
780053
926119
716412
990148
645130
956229
331984
584873
152073
897679
184911
327174
762948
966385
270695
449849
688765
394012
575453
506416
157900
699688
901597
388973
670725
844560
881793
74988
219689
598040
473471
238976
349958
641294
676380
165662
87611
538755
927357
463009
866579
798888
327143
944716
696585
400165
978662
316981
610456
88835
488181
92683
190318
862954
662606
433582
115556
668618
269369
687352
392719
347784
703550
925516
107274
760368
909323
856027
342642
565074
529921
660155
892658
376687
791692
781927
234435
637092
738459
589628
812312
734899
341272
348530
244186
400429
286877
845225
792051
582492
435206
159967
358851
391260
141622
897668
757871
496590
606484
81636
452959
253519
620068
789624
215997
882004
976314
445058
883937
56774
904604
936678
953308
904320
442841
184496
175845
821275
402210
365642
753902
347889
525930
389572
597428
799096
256718
583178
843496
180181
579594
643462
192999
286396
91809
948283
901732
572667
983374
730650
451747
988251
952216
51661
541518
306970
563932
663115
436649
296996
176146
130976
431122
971837
409025
915630
554294
313092
943007
874231
844620
434956
810837
78144
524319
133995
213875
812413
240755
133111
680402
166050
773823
834696
968117
331768
429639
839430
8272
544129
368078
209584
834576
908845
339959
416199
366484
699822
532480
728443
546063
795095
845881
716374
529265
50175
765549
413795
355971
821140
254085
489994
531271
312476
296682
610614
608679
656134
142667
270533
12445
491773
776863
986042
138884
638735
351869
798213
431454
689732
372876
702588
539873
341701
20768
976522
215261
893948
457524
97302
863817
894954
933395
912122
327137
873698
3106
410705
531255
641365
127897
9133
943013
539036
872613
860297
162316
333491
934097
29562
947867
773919
785483
948096
854209
704362
440233
333090
408082
146690
647029
550398
99406
881192
301655
880904
246598
151638
557282
813180
544435
257654
380033
604938
765102
888262
298046
206268
249231
178794
201874
850875
298016
474287
105544
83721
415263
991111
12217
449212
31825
211165
774526
311774
889351
571771
48336
511450
502531
591651
308443
16263
93359
561896
148119
242815
763059
139638
468571
518977
47493
244320
401585
934697
980640
542007
914622
66188
734287
148712
451451
959964
647424
931161
456537
608435
425133
537035
157839
524471
361190
852023
284603
306855
597371
639340
482933
66925
713649
847288
95977
578936
580126
641477
870885
556319
542752
294027
917024
285209
938464
311119
962083
454351
715406
529718
111577
883682
554123
879479
100173
530618
826511
273038
725717
784488
108560
635953
754561
389234
684718
31741
464337
243635
859484
368614
223059
464927
628456
219743
34066
981508
90293
104775
399471
700782
627321
702264
747124
439022
127811
176705
334709
516666
564852
780341
731861
865866
359204
213041
264284
873821
332893
347591
1405
107271
44284
780722
227461
938285
617590
196072
840193
941052
457978
430457
437021
866762
645527
816739
127646
236709
975861
170297
220614
598631
916863
351939
747617
255400
200716
186205
352591
464366
856081
837038
770473
291210
912597
950966
861319
420576
1293
487707
681872
87688
712116
149339
843257
187032
197679
904121
23364
83000
976211
761642
826166
273836
315362
998534
393615
71909
142516
27526
252038
952274
466394
761428
998016
116079
989061
532551
684112
39623
193047
853153
226645
426219
710879
783027
862772
788775
71277
468500
328501
977792
365052
718161
773554
572442
925352
973851
710354
389039
18206
909492
250290
505354
268863
200256
704649
61095
714933
437875
331826
801136
579729
62387
354445
343278
917759
4011
343783
292277
579570
285450
963412
787938
790740
948165
403127
863775
32858
658109
497678
42095
394007
855680
39490
94812
283431
8666
527379
16655
530164
172217
151655
677759
22346
666664
40891
817618
237572
612931
897934
817418
562538
97259
4283
582399
631019
88985
37988
31719
395976
669691
942705
719188
88328
549379
603161
164279
485087
118092
450814
555661
559757
40485
324010
819095
608824
229921
663752
451138
784396
278801
820197
28401
614772
64347
862540
476125
12421
556192
9886
198112
207665
265684
229066
640040
812655
259512
352492
505448
802877
818011
386144
743388
338452
112507
881198
784343
254851
86292
525072
444959
301992
40132
172271
564740
989289
338965
601023
364903
22355
107449
52749
341733
580645
978594
139254
902387
711958
997176
863443
935607
71565
593562
945214
835282
392961
41053
590743
627058
146890
269124
471636
444297
68540
3342
918580
324038
352457
82969
464699
139070
316136
110686
262539
422470
863501
761001
545457
436917
458800
393349
212927
534380
411076
633184
920021
551804
736628
455094
854097
813556
887613
400949
722520
163176
821574
289916
351363
37585
301569
530103
338909
671289
511634
685616
177426
731756
83892
679275
371340
748909
662030
159182
861709
603183
839644
798389
507165
536389
114225
88581
706088
611511
550316
633966
916048
682641
75099
255540
725628
261746
913563
404377
175090
587302
620181
489580
732973
330838
635914
917158
610323
576512
153701
213143
465186
769912
577063
701982
873442
471470
62052
913476
715187
787683
113495
898000
6823
773926
223986
495043
928524
799854
628312
127191
650611
857443
549877
566906
836542
582061
680193
531641
919696
427460
352520
201832
888959
427985
14110
708632
916788
55623
691404
342471
410724
495780
928301
673564
42657
944568
60146
248326
841056
943911
909902
927633
242663
955647
377341
229093
170379
492100
40116
832697
992511
999988
325664
128405
329692
358028
584520
151454
65198
513286
982942
627269
160848
418681
194310
35494
673221
236659
171265
957023
678544
544167
555144
985452
538981
774636
617898
184440
459996
571421
203240
161214
957977
778289
797941
694513
684920
96352
130360
334966
726280
785055
631556
332707
522864
109507
796770
278169
769053
645352
10003
684616
361211
220761
968033
304952
769492
137051
406401
102874
210964
875899
377840
720770
639465
145946
657287
155057
129551
321490
899249
989079
768600
463183
599676
386850
666350
838745
154868
473867
796064
488949
397433
657571
312010
93690
803042
595769
949409
957858
667607
924924
140102
147203
278460
368080
175775
916165
719590
619135
696305
885211
619685
799656
367840
280969
392264
706289
994284
119099
973356
692606
417317
588551
944904
468958
320382
937049
873273
501344
826973
933237
630553
636411
604747
749738
377892
924380
556338
73666
917276
34777
859521
764124
332126
273859
43375
272208
996649
580656
278813
663273
469764
371853
567237
801040
258524
587756
376563
888651
622677
533101
313333
111597
454918
709702
761035
742351
816585
119631
45802
8653
412607
492795
179015
568555
724895
339973
153601
132233
968821
453194
281580
451377
765928
791358
986094
465106
953796
111181
594174
785000
682030
410316
529089
508822
747529
411630
337837
724806
138247
488887
828227
166932
925213
46838
713089
75527
111416
246113
385134
467341
357267
523687
58923
882478
866623
515739
643065
444216
408940
612430
982571
252359
898756
234662
388282
273582
21584
73964
5706
332009
927851
156242
276279
287188
953377
220024
830629
276450
400638
112188
497346
850304
913203
643018
557236
122546
133813
329935
570824
991022
395835
577156
90844
199854
661387
144359
517345
326908
617694
932460
378427
795829
116239
584747
375441
916797
417749
35470
395406
53167
536009
795399
809281
141922
520609
736735
590013
156928
712809
263038
333706
684230
400652
334727
666911
751238
772083
304474
362382
888460
779394
569908
11187
844901
65297
501352
173118
991332
677004
346842
241784
713709
250156
924912
917694
971728
199089
814291
142436
408150
984727
609797
163646
850036
229058
468441
463914
489450
860212
858265
863574
174503
240647
885239
247192
424729
871818
492286
523704
680903
88509
732957
366185
48407
146754
996785
678263
728508
649648
81411
453685
252890
839417
233667
273643
900816
469683
753431
416739
859714
808407
274952
698322
747602
100484
133797
642073
465914
156714
71697
328616
808415
505353
15185
789889
374314
824502
213725
364036
879213
134420
149196
405928
437176
283717
490540
997170
534313
614322
29383
128287
104311
200160
223367
655751
805543
968426
968833
163173
36835
32324
338295
121632
83982
390767
870108
338913
392683
101786
61263
206135
269736
512235
315615
124747
99920
789483
9130
318163
229498
466674
719675
525246
354429
300085
429582
106609
123178
879770
336221
366413
700239
27990
368617
168253
972704
89839
116446
978839
264314
234234
743254
47444
138418
991680
812411
29962
714678
81514
3288
288110
844918
654717
802121
81779
653421
509739
730912
58278
251024
239543
328556
566175
26983
328461
139366
97909
227734
945117
639243
703093
550496
618499
716603
464269
141857
573843
263242
933551
144223
2922
436116
697059
437014
869298
930992
320483
254534
635854
989812
170580
663077
605099
373182
501371
510140
358570
528290
614864
530153
487898
872572
322308
7221
793623
898990
645748
85143
46984
359990
9757
466447
921237
601787
249022
909731
631505
770611
19185
433220
402518
568917
215379
121798
891031
451637
341049
261776
798936
602778
988788
362327
337141
91714
820355
705610
40719
490784
375500
254393
413721
89958
5184
610104
668585
789225
883016
298097
343452
391691
29087
893014
122734
354602
433222
983612
650880
537774
394584
822390
302987
461691
988849
363412
663178
870553
493735
915800
362388
865204
480709
510860
500857
852363
115854
655207
905782
102532
890869
291427
350868
852150
504184
181350
199207
697647
446116
524996
727852
459260
619036
319493
145815
821788
535422
970202
764974
365422
899818
12160
120310
718477
275958
77437
454085
952742
940569
51295
447570
165634
545168
836160
740146
951599
979732
490293
892273
812410
507645
218691
97439
879329
284012
368448
915986
265023
783242
35258
584965
48610
808654
496466
877080
260517
771711
559403
308689
987745
531460
546582
728871
814868
870286
350402
711259
107833
406074
15443
710836
287860
528970
401712
142270
390669
310166
496742
571121
709587
785443
799208
547522
527639
73117
727256
400731
8969
196056
734128
14127
193131
538099
94243
348005
762765
333521
573485
383784
848891
88616
728365
638697
392495
5941
973759
397873
867990
256655
430779
194531
711226
891219
808225
963067
55382
991333
300430
110490
999189
399951
423021
429287
529104
408447
172632
539384
617941
910784
943918
897593
6877
55980
596523
218356
697234
288724
909498
15215
693725
821105
940437
278531
389888
197449
29997
93715
779921
138260
434917
785088
73975
203527
207351
393058
153183
940455
238093
652611
174853
932864
121269
267514
177861
134129
889557
998311
765558
563880
467207
245996
576579
853643
294983
115623
35846
855379
158692
100537
562218
589974
329612
61888
739332
141340
524345
57026
527269
795197
439432
51608
431075
319580
431310
739347
145522
661723
297533
529852
360490
711676
647581
438966
939339
591786
835845
676013
373738
391303
879585
700047
594681
459201
202427
70711
995326
627801
310643
35095
315846
661180
66889
831381
761618
523706
518544
522198
976673
730615
602638
349539
69883
570868
333762
859561
949555
709043
996453
684611
299547
25391
251427
677017
751950
44098
29658
187856
902645
871228
276587
483086
783643
944310
126761
716424
448191
256974
520561
804383
415166
54247
843658
542985
358515
94214
342449
198578
608807
383492
664997
525508
31425
614991
335830
317557
428050
964615
283506
710084
377906
863646
739559
753845
819103
898348
778367
433390
824593
22132
804098
741775
345792
715818
787625
291011
44846
203333
389716
318132
673931
355309
760072
443237
226354
391814
870757
733690
606589
763392
513574
517207
490327
31294
793081
959675
669366
265870
640089
35519
659878
570562
276469
466500
674013
637571
712370
908405
832377
494133
191739
483212
937000
801757
150749
848775
137082
142735
169671
938134
88510
287476
853865
386589
825994
965726
408142
618111
78180
750448
817951
293311
866825
794924
911431
203646
930794
581364
169810
470934
748078
856488
662046
212029
286089
314148
977830
928944
406771
961484
177355
863116
985235
231509
263298
794199
703398
294106
396782
647764
1245
966445
998947
187888
56862
756973
571236
784112
740644
250940
128518
331779
507583
757150
325964
504784
281628
343936
281465
770905
280300
868385
881792
79776
260564
709503
157771
387300
684760
801030
164180
789095
117900
985377
492674
236084
25375
788098
680410
701848
407737
771908
830992
528420
421008
457154
560051
551072
955803
144070
383256
136285
817613
624440
832141
223766
689536
128618
903183
876940
617012
397249
242766
916584
658510
577984
326978
713087
777209
730421
78763
731357
271054
314437
958080
124793
292841
205188
809935
495793
862661
587686
960092
445776
37017
129064
909850
380258
939054
781051
296643
372055
276090
620513
147269
735125
470228
71027
809420
395767
694605
68909
711881
698561
338136
757085
712560
414573
936575
408252
861816
936528
753344
240631
431868
181506
468470
308680
389724
698541
523207
230956
850732
15869
275744
326447
629111
607856
750002
346184
677368
217225
10347
157764
981578
743459
14557
967609
180200
167289
569403
661823
52468
7733
972985
282565
260101
937885
766524
439201
18804
118238
861646
725991
879479
72235
464854
86571
592909
700244
843489
586306
124651
48110
987985
571061
656278
708829
166542
593195
904443
840068
109112
995701
371911
356054
292765
102076
648492
671314
512649
245017
433273
540747
309136
22227
948919
581683
789481
642802
684478
30813
736812
736287
316916
536462
733612
35787
817882
664866
474012
316320
681868
556749
727394
585565
138347
162466
800662
258408
599214
429294
788986
13024
517103
831878
651279
892120
863609
87502
416781
550947
522256
665960
135855
104447
176172
761832
928183
954750
45499
878883
658129
233025
168221
110663
435362
528837
438814
644732
552988
139061
971090
943445
55586
637983
947899
367699
222231
467022
459150
240748
159038
170747
418600
165822
738213
269580
407410
663363
528314
195984
927691
610323
799083
60040
716379
572398
327954
890169
55184
905572
633032
891919
53536
414688
620654
808654
589205
361989
215329
761537
111660
486246
305893
579321
751784
199449
877646
605602
765921
676975
986709
779375
61195
663766
936807
114390
543602
383620
959089
532530
635456
738714
742700
207488
468088
493463
319196
913519
293656
607651
275245
435569
978642
943268
154752
552070
877518
38198
463198
761278
358783
181001
567582
952180
549436
360591
971485
318336
189860
649543
503109
35613
275665
303036
752060
156515
975593
740366
612671
684689
571705
512344
187921
716802
256663
897798
755591
621150
38846
286100
266258
740646
649541
770359
553144
367905
76452
991155
515356
816631
588009
761004
347610
906060
967656
579416
726832
91971
770436
491141
528558
416109
24626
582752
784672
828548
826662
160969
582257
362723
361609
919959
407406
357865
458097
129648
663112
489337
998465
736188
401409
958162
596712
422153
303525
526276
172296
845939
590599
65793
861039
481749
216306
739135
572617
427758
572063
552400
308139
417457
608710
866413
670504
28916
702566
602764
392852
134110
393530
647343
434136
624455
746104
268276
26942
183469
249232
801956
892263
719722
850171
783403
953865
803797
333794
232541
547545
774985
346463
870060
636644
428501
709135
739904
423712
295035
693526
543858
949357
209300
836139
331479
92415
499533
740666
659424
622578
815542
609214
253816
177398
284637
776526
164485
791658
199674
826563
453164
648852
682944
709831
981008
954332
716793
195948
606789
877629
669753
35042
16213
52411
287322
564073
881463
104717
57461
21232
697930
655478
115273
136472
301725
115555
51214
566726
98878
740829
243957
274695
579180
722908
444648
705516
852059
659514
140624
430530
489852
984923
115015
116597
688225
794794
254192
924725
226662
385338
151143
911780
876328
803706
47355
731648
41741
580178
646324
577427
447553
754135
375629
81583
330492
743485
541433
199782
220809
134660
861896
275062
488088
793323
572855
451262
78634
788498
303679
47056
513498
292579
150242
447502
648540
208183
93940
833897
651105
947635
639164
914357
918602
17148
98271
557640
868987
143287
392625
72713
338547
968807
457077
491469
528398
429591
909568
622998
104722
925925
368844
202093
119038
927013
212130
297389
799509
459991
58697
236544
501926
314782
271697
696114
345628
29113
492902
618749
265824
738649
701660
71029
144125
696524
265599
643481
310793
534401
467028
560658
474337
391485
383344
924920
769251
502840
222384
452538
699535
113659
661582
605301
507176
382389
597678
781876
960340
315415
398628
785008
170932
949500
522360
46401
244297
676904
789610
283308
94853
930749
679210
287441
890401
283711
355049
790802
235673
264706
558934
489975
577185
190500
714983
951768
728736
702978
355197
372038
690148
163225
388426
622082
390744
5557
347983
581916
199081
768137
746413
318591
659944
291816
72144
776213
334230
257518
159535
624693
583505
977212
152471
838428
945409
460817
796687
249369
589055
139562
52497
435962
750585
803694
81489
744914
200854
625250
734384
620714
692690
112927
571401
242673
946222
16850
319064
912537
652293
784446
873343
614928
110897
503947
946017
147178
682754
407957
733675
343464
486087
46485
24268
84875
604619
139488
436104
253958
932649
452514
652784
234954
619154
669740
93694
401666
238467
727488
303266
997712
597720
394641
336770
12975
711787
417777
366214
835772
229978
30324
712722
652977
102217
704216
108422
989360
673139
148053
680301
503776
108462
631722
541974
539506
145771
893897
171754
538744
204982
751599
70269
407585
32942
164577
457719
308723
450610
729125
96
734646
752285
14309
155334
137870
654414
462642
913203
440441
14373
356917
506561
301327
869406
305143
944373
604401
413857
680925
122079
565593
143762
701400
147538
207508
518863
625584
130264
51867
802245
106718
64421
797995
307406
427408
612743
483642
968306
10069
435333
665476
897627
232426
150436
584708
707428
291083
912249
320125
941054
755826
22327
445084
297890
327581
542332
160768
578309
29214
637094
313383
465264
671130
359566
662954
511976
900075
145635
495815
500743
627956
657843
511778
979964
299737
575958
454783
310290
831021
599890
334492
263233
987299
692195
233300
328006
688647
325307
411478
464480
360890
648841
998580
119428
439647
451875
296258
881759
809062
934591
761051
169534
458422
950706
202651
161337
817379
549215
284187
509240
667648
859770
810779
605548
151164
699566
560607
41135
367395
632253
143003
881964
863076
318737
161585
635449
354346
797783
80880
292452
530419
44782
347813
602515
128868
501117
493035
742060
330041
477939
358177
939649
67112
897917
941952
520426
284138
605063
52254
702104
288571
432060
614105
513793
287345
330096
48611
23727
311574
237537
677266
954367
758503
797780
72344
687963
820289
748335
515079
237417
994386
22000
554846
128470
121809
99240
582711
831831
488638
55435
580393
959567
575200
767567
905606
95997
908639
527168
641628
752083
692114
687593
380507
693600
229132
30175
827414
856100
803738
605025
762062
590187
639098
265551
925701
214147
672583
736538
518973
736432
993045
417780
347673
101340
107308
84378
615700
394040
925912
506789
493441
557239
148804
309942
301038
196692
396858
67035
988484
176374
781905
793153
511691
498762
870731
498890
890421
598062
424382
554356
709846
251989
682021
486400
616100
246885
408230
130523
174954
396
33600
581932
324845
189389
909654
169166
192201
941752
49424
383407
806075
177465
513586
638854
717327
183006
586032
231186
50903
944061
139428
300804
432065
532257
736693
881493
390010
368011
598890
868969
348043
681801
661304
940798
292625
575900
36684
674410
551705
28256
509137
494449
52912
808274
506654
599043
193649
612212
764560
69882
860551
465844
448957
726670
708114
307472
546742
89890
656620
765665
484680
37615
845575
459045
726563
912243
226084
302647
193056
350811
234177
195117
634108
511964
879373
554438
397299
782749
861882
423768
143209
679189
979868
934198
849751
991498
247299
755920
29094
808335
530544
646340
98830
865254
843982
366059
114643
687141
705648
538407
83564
163482
428102
502254
43921
889179
666125
144022
632738
826772
702903
949630
164291
631402
166023
277770
528269
811120
523639
357611
791116
37216
317416
65444
850461
1599
856884
617398
364026
629304
157383
259301
796388
78260
106780
974103
327548
198916
863819
500184
999803
684468
477206
683067
491532
659888
957250
356801
162143
63085
769823
34535
773452
435429
933720
974825
760351
872395
194506
562880
964685
260132
792514
403102
869773
820849
894360
184442
45441
281136
462903
272713
271123
348650
306126
869245
670246
673665
564847
42834
379650
195738
640160
871450
523628
628444
393093
100228
949504
999600
389509
364729
364798
24797
46239
303752
547598
810076
94901
119504
776034
254721
840746
934897
994769
660946
871200
358647
462233
687038
837522
131379
166122
707819
299585
921690
538143
375244
14989
49494
271465
57891
8455
209978
43420
450221
8891
690094
355079
238675
678491
116228
496163
927435
117769
621893
608944
881389
305003
514269
758007
672082
438562
17884
590539
892275
721390
812371
350070
106231
394165
435932
910061
273891
160221
556480
309822
652691
749929
829514
757213
918092
207481
798717
916164
794740
334618
681150
549498
680003
854257
783130
509063
766123
383375
229255
923669
319023
233464
601742
898197
150528
301098
434512
775817
204635
231091
839142
233714
408321
789651
47465
136977
776179
617724
552391
978268
800017
184422
169275
336656
177730
670476
692597
339539
889722
358278
568379
730389
748737
426287
452365
921622
87298
402207
777915
501255
607023
397720
468118
52897
495391
463038
476608
704816
68166
482183
486572
896733
803962
348719
756086
394002
187490
361886
776705
119144
221705
599041
883966
70716
463826
853988
646173
197420
907244
857226
618410
181586
390191
663819
863055
547759
641884
396872
304765
664903
869209
693936
995189
833474
890804
765855
966734
820182
917331
129287
650220
644048
292147
132124
578093
629087
396737
970910
880178
490432
58365
706439
320559
525881
644326
561252
137126
484164
205752
558851
598053
977770
279462
986688
553357
356811
419376
61565
837064
613875
543453
942715
183805
197427
764797
43956
152891
640760
283034
340781
920052
928611
344910
170419
221758
47756
932701
107737
530020
55088
394419
682133
484579
667281
816409
519474
790829
436066
78162
855368
440891
638333
511401
250635
36996
824307
914853
981469
476054
596368
70220
146803
797416
81416
960348
262798
104928
755311
261570
45984
331992
950311
909689
978739
557252
236966
911382
780424
927437
2742
42461
359904
966263
939361
728013
255307
620639
638206
92959
485954
520153
4169
327055
148951
213586
734841
895983
399980
831226
328281
722535
864079
43504
765395
296718
755094
129621
225020
910701
955257
405527
369894
151329
347039
369601
133257
80700
352829
786709
679214
396427
868256
265314
338919
267185
670593
391616
849843
717179
775544
898412
461988
385365
434034
840219
86480
609118
309516
917811
611492
522535
296007
90238
512407
87577
187262
981755
464264
525089
893755
356104
593812
63040
469238
112142
735843
407868
927782
98595
206173
972458
826620
198072
331664
28202
363399
811783
585635
28856
624576
914891
766901
221882
241684
495607
94799
359319
711407
635631
277263
151528
116847
292999
789669
416614
73259
116954
344768
292933
674672
772245
862584
989433
276140
833723
141160
406828
73426
116040
212848
793410
455043
880039
432791
762978
144265
860873
554500
48456
520420
820982
109245
408548
507742
273587
763887
577560
817245
573945
747691
466304
341432
76061
339597
806710
475110
743000
689856
254210
323892
963295
292684
584651
990934
783031
895379
437024
6320
25232
248293
83627
701780
918160
446443
632637
79128
730957
180961
141075
722435
344601
588026
277701
287609
612295
325063
84204
707757
885953
266581
174398
915407
299956
834348
11433
158356
306389
257041
407918
627915
567377
572540
430703
58015
972283
630036
484574
574760
430559
489320
704803
276644
592498
339380
537530
191976
719223
246347
203799
136257
531940
261371
807811
793014
522237
786419
526553
883016
620992
937648
359543
811064
421594
86980
479002
818350
505847
236312
669396
879441
674574
29454
684447
139642
586019
114872
85458
519150
406546
42616
646601
238379
564711
969542
793705
709523
562854
6937
190644
318439
133350
155527
124862
80284
727165
654751
326724
668939
463169
595565
537210
648619
903786
549237
739178
851675
728402
830558
987645
93461
403943
306031
559583
5683
928871
121412
522954
263956
763653
900066
699171
505316
747247
541646
973300
889476
322565
52652
422178
44306
256100
388434
531599
935605
785429
994705
337958
880583
368695
49554
50666
680044
902533
684081
927833
193451
568076
695336
461674
575664
259199
58053
691701
689310
165320
506897
127022
93312
699525
207934
956034
772904
838406
977881
235115
122621
350338
49604
765220
188661
300453
288178
994997
123040
328789
267218
920774
323860
747108
556349
663513
460178
233163
751884
176854
557488
540798
804048
268662
801714
845663
721157
817023
29228
826784
854612
79562
846290
668165
513952
996912
94966
278214
958450
968977
471331
294071
251774
845553
300126
108255
857189
868180
355384
493159
694355
266627
263428
688708
672737
424679
366613
107801
43653
305096
799971
817230
183966
169935
714333
230226
647470
799042
136017
493522
353086
352346
504602
3087
562443
89971
892550
670011
126857
517418
992280
603469
937208
550019
819200
896008
563123
986866
430720
672441
383944
721914
44713
115261
553836
764802
625990
928245
329001
322629
807439
415499
487379
586476
661992
484300
257386
953554
459459
139761
27756
340968
849135
321183
883805
468363
580520
943958
797691
145559
593584
728245
263670
472178
73665
356735
177853
457536
734345
370186
783154
92854
128700
802246
566907
953147
234550
275579
176340
256199
688426
240737
184567
589815
549038
350825
458367
460975
776500
887929
128563
102094
68862
711501
989387
373823
453698
298453
563332
344348
281969
86633
841864
504941
742127
852876
521860
160673
738361
642976
440257
109426
92677
632380
177908
15566
554466
32331
538202
246326
500115
513271
673143
302410
311019
642079
685418
880349
869031
777784
185299
121382
308218
561168
731447
158292
382071
320745
386534
349330
732938
734690
398011
227882
435264
83111
614560
949149
299706
957527
666971
855521
949034
533616
139775
425794
475617
542876
529250
692054
484564
582865
657563
655869
232653
931152
582735
358607
868290
940050
185142
33349
223716
901257
359711
167791
379735
654337
539908
291887
590534
62389
482763
152588
298603
383464
732568
418779
595429
125479
124422
255716
417622
975063
300056
277030
303649
509761
353733
274036
575078
632843
565765
912374
436466
334837
270927
554229
393140
991256
928522
195313
662203
279405
609579
713291
497108
362975
577459
501869
497879
942247
376170
920500
448814
890230
483146
758050
233325
82262
330024
716338
167266
258725
88052
739828
448161
295521
147528
234954
329356
282148
807615
238911
388504
525978
734761
782511
262750
821405
294108
972096
227312
298119
69661
447890
104314
968027
88547
258721
710535
919567
752508
360256
223897
947907
310000
383520
431941
70859
833665
601036
803449
974384
735833
776167
308813
49241
292328
669393
142994
146445
894295
835901
509909
52808
129583
636146
728725
217459
765899
780601
694151
731549
988509
963427
1478
813287
646487
696781
277768
828105
258603
738136
185300
719943
415537
236919
655936
42582
491229
604244
136301
751142
824439
406418
927768
874755
685008
627202
609337
826333
305677
939957
388742
435780
149529
885017
717478
531896
621306
438790
394716
873922
25695
149546
556443
205846
277822
479019
933720
158947
594480
231379
475839
925504
256559
96751
122051
366904
247547
493032
352811
455020
535480
314727
677157
412138
288746
242151
649351
683603
87577
82517
646114
408120
808836
249608
604827
664236
80082
76403
28306
470388
480717
401977
370960
909627
415055
417129
919499
11468
232965
679438
247458
792988
16935
658264
95673
238443
759998
754459
513790
640969
362324
976637
608143
907259
320081
96149
632964
915482
899980
606479
823164
951047
410903
642571
2732
20590
816351
373372
869006
417114
55028
733998
806878
790043
614558
999627
928566
387596
612218
727902
731051
893945
1506
674362
222025
150675
286899
455003
590490
260431
444673
560704
972267
601603
925356
656652
442613
355944
33157
358658
2085
470938
699861
822219
25542
541401
546653
759590
605694
229681
600214
614098
25081
480720
289298
489787
352802
281235
55273
772659
609154
774300
864
315968
417180
16159
400399
529777
414218
964464
266659
35146
116601
234546
299289
533461
879621
214207
488825
945564
15185
925531
467076
949480
232719
234085
223378
147328
990371
419564
342631
297680
550921
87919
316168
276840
268451
4192
726895
518096
986307
649118
587274
490623
572181
240630
23304
728394
806460
123176
489414
339178
625288
222430
656231
204254
291873
446174
952626
363640
471865
190260
71729
371582
930737
66036
317533
893899
45994
380957
297143
853150
625551
577954
785629
277170
244150
636508
35023
773662
146726
955684
930664
750817
672916
237808
552542
565042
557304
950016
201049
953227
32577
124034
757086
824309
305465
131450
387643
339059
579276
93036
746554
202896
978641
94982
847763
665431
355905
542568
960642
938577
205594
52305
13936
560398
950881
323383
767705
329460
407971
118100
620485
341003
992220
567164
922400
982359
671002
532118
615436
457026
105694
590330
372059
175953
943382
521622
117768
567385
788360
111791
721117
783901
25416
768739
139537
475994
678596
927342
713445
265013
143274
70719
640496
265345
412513
255717
72660
241595
349633
891643
510977
323707
559351
147794
837467
554017
56818
316770
662826
928913
428153
374770
742786
738859
963961
894071
734636
338977
954139
477264
352989
641168
454538
888332
195873
625357
223589
662467
947629
632018
905941
824123
860430
405797
7534
270896
432482
878690
625590
659105
223932
723833
314005
97264
378700
202136
524876
36312
338429
587855
461387
28936
681405
563373
858593
255997
312518
713264
565386
428154
619332
850480
907288
521094
125242
487719
932752
249066
896297
860607
466391
467857
383176
869492
565472
594222
896541
637146
191582
88135
778466
395251
583570
551012
875800
814225
356260
441863
108002
439332
346753
988675
499587
986009
131090
981787
617162
485680
553135
573354
108231
199525
70079
574813
49441
366790
471599
45620
548063
728555
57030
951330
285602
651656
132150
826835
56479
409839
294476
946042
224348
293224
866762
880564
881017
38381
272805
193024
678050
529425
890539
507749
702971
881315
982556
524129
736522
650605
405165
938031
256616
608614
695164
43019
253840
233687
393726
994654
951556
513821
912255
278123
169323
138615
51231
376897
327438
448291
379052
801456
130573
855867
52147
935117
867156
78431
615994
841389
136248
825023
768232
390091
767401
572533
236
837157
502081
950773
812838
311049
338612
703675
223397
389121
49261
162723
472154
882113
254831
622313
461938
11710
255832
320366
776403
922216
252550
405746
74238
82531
885432
301251
213494
64530
973553
160491
701007
149933
742480
596042
19439
772973
739419
863606
579128
376776
700999
827201
181137
81766
558341
293762
244959
188233
68737
423855
26715
323270
587261
335881
645620
553545
902819
205705
457546
724334
856616
63370
999649
640909
163067
498319
788196
219180
616900
403810
541017
846975
381608
453266
589054
838096
175028
946658
42960
24214
105536
49485
391618
564478
104941
234994
676087
812992
542650
154599
945067
816885
742027
95089
665401
947169
820926
249924
808926
467769
530780
425850
536762
571878
55440
916008
764079
193751
492833
849792
917384
35281
827356
352188
339925
469353
855330
567746
776116
827065
981899
272398
889899
517004
446997
680923
517085
1983
957228
652954
505111
916457
971288
17463
144474
865760
416243
932481
446653
372186
732263
643213
870977
569664
590875
781890
206742
461199
709219
19452
852243
758481
195988
74316
436545
354739
770024
371542
301138
173960
556256
84682
818367
782905
522792
827532
328460
964271
955801
368966
667237
730346
875264
275897
605773
304063
99923
770697
384975
885817
747304
449879
206811
18177
162370
269194
168292
972707
763853
205986
626770
68788
851930
99128
42083
341411
966793
652087
981566
181643
936021
829501
833464
643789
54562
525061
494324
928762
413861
596602
914694
712195
995835
690737
837565
763149
395691
862547
300374
304444
538374
273449
86819
693116
427302
29932
595976
501859
588617
425880
51483
420417
794969
344202
246023
969504
146919
238267
318143
742795
469224
163508
48533
538018
819319
321801
855848
95904
519116
487362
163893
933552
272678
708377
929104
403368
580535
598262
721506
575884
859915
573508
705436
126071
338333
132277
643471
682812
352503
950713
498236
74865
354727
722837
349538
706067
589915
431448
698086
972861
511885
548750
730272
755386
190975
776397
803900
216314
404169
523026
936335
921329
861379
631497
887714
369139
323700
688687
396473
967792
858234
748677
334800
844170
721436
841185
288405
648006
377844
85999
824827
421036
669106
103807
448392
928329
241646
301002
686907
89082
644941
551409
606739
974476
999995
38708
288357
247361
622731
570072
740241
187341
313078
752272
518123
494658
304045
226768
414536
245440
558553
206889
420552
969966
481436
449422
151106
883108
141728
124996
86551
347376
764827
954956
959702
416525
958418
607485
177464
602242
593943
423088
701527
886743
254145
402553
10868
594403
528052
608766
437966
526410
655382
93971
735052
824023
359361
36374
518173
655522
420474
770198
31691
509545
783678
369330
424611
42671
435320
74326
370498
476255
635196
376553
655403
262982
191850
835236
233200
765499
224006
332775
521230
610386
303820
557466
914948
885170
299097
16007
45433
525324
785702
662744
858096
176408
900303
938552
555092
343566
767221
166361
996928
137384
690264
159435
831854
176466
526000
898216
378487
723912
759051
816351
843546
975460
260033
448515
927087
877379
319026
503137
916707
193175
388546
392004
867316
959693
588577
842340
554274
909877
973390
30341
527335
539621
366652
226957
355770
936026
701922
654019
402526
321608
780077
131858
24844
355132
473138
888686
73269
608162
799261
464661
267741
773389
73517
949895
322252
138122
503951
471253
841596
134533
108653
562489
67552
49557
762715
601819
19528
316341
36296
321484
770757
902716
569581
606955
988802
693971
543682
618323
789136
944234
206393
75863
742910
107961
66022
202001
532888
439363
837101
652380
40631
669917
703452
85080
74738
451803
512400
435061
333998
119517
776892
270822
473969
281446
728759
789651
723834
945001
139381
596593
326974
711502
808698
843000
957379
441417
813831
405601
116580
529161
60651
795266
896010
501850
355757
428102
514114
660059
138308
768241
788488
564152
713409
329684
498563
410269
86796
785652
142241
940173
763284
768413
4638
406186
934941
479935
427265
575909
346996
407379
311063
603774
420747
387416
587349
449555
620941
843711
885023
447512
123686
655502
801714
942995
933197
816630
952729
440090
405947
377263
76442
704083
884686
431394
892694
645507
406848
375623
961850
222303
412716
766312
948378
96007
98608
646739
187518
559809
517904
486897
155976
67154
645819
134514
352267
974594
579500
917767
637962
370886
649302
824020
98255
298264
592498
771427
740707
455490
396254
907464
989005
619405
353400
481893
170140
792031
886424
231109
188532
363109
333102
691404
861009
280292
321289
138741
522356
745528
574039
335809
7181
88624
600144
609365
345110
290765
439313
223324
361493
370046
330016
994480
187641
184154
768409
539329
336944
407703
768865
484978
131394
624858
550661
571140
843551
317111
88405
82531
576383
508023
365907
928246
611839
561745
29550
142973
253128
866915
280149
727483
976213
602308
471540
825607
781109
344727
343298
766317
661603
726773
605710
743015
879588
411608
951017
312253
638092
805192
630900
450167
80488
697561
75058
182472
137612
64879
278460
447749
643613
296694
81940
295843
826656
758848
138374
457640
157818
99457
722940
114950
236910
781541
765895
516831
501960
401584
492181
337119
484807
11082
421749
221509
944486
712602
659309
891206
384282
634983
656960
928270
785174
792830
860249
466510
478248
482921
220921
218631
677461
810383
857253
393260
76704
756879
689794
159162
600188
998066
782380
936857
143164
204879
478126
847420
163328
927434
904488
166534
904983
962949
888768
994322
914473
25447
826863
295273
551552
867216
523364
46972
193982
365751
937518
221011
738977
636123
231494
14595
576619
590781
595343
939522
772209
585382
252204
960290
201038
405341
788951
845154
965231
598366
262777
988824
767421
910620
953711
459768
5472
304299
812810
677023
356613
309948
491537
826644
615073
817758
614774
258158
954792
477596
268373
940557
379138
315228
513843
792069
291819
706410
818033
271210
875638
369227
827544
993424
575074
203721
409327
185364
729775
701298
683694
283066
649769
204542
395135
759677
555438
843471
924826
635624
975498
780263
607438
247946
487667
747396
912260
849856
733095
476999
114971
709917
409486
743855
244778
870180
43287
220513
88868
998818
678845
76490
202464
845181
9399
375491
280109
253987
785065
400768
928210
346965
507666
130758
121884
164287
365444
558583
922606
137279
328744
272995
991922
955468
468399
778150
869009
408106
543806
558403
481725
224482
940840
403031
231793
119799
9875
973547
162374
855535
98628
529395
275663
386918
695015
304137
610575
578796
914452
152002
677236
17189
752705
684643
674184
700677
563374
55755
416247
361884
832666
291873
12457
900473
244919
412871
247184
966291
486525
79385
208223
893950
324407
417244
376128
345820
616059
522964
557583
30099
752812
663815
849563
855189
12208
519810
313941
367730
565626
403014
432504
302010
644559
984792
392455
177620
242563
962600
841493
90476
814888
454467
479674
536501
84319
511938
458145
176324
760389
302935
284512
151365
819930
129826
138291
716944
824877
450691
934372
345824
464814
833156
978279
190526
926849
731364
400681
795489
114876
508128
746157
727095
937014
911860
716699
981687
509976
445136
367244
393648
74591
683322
545615
585348
616110
996650
765397
338100
760083
709099
48167
450879
375493
78731
513031
727891
317834
897521
648669
63404
895250
477032
204984
389336
766135
388086
106059
269647
223416
335631
977600
788458
670496
804482
405895
395445
996631
433164
913672
620569
35593
708172
891793
806258
282940
331701
761253
686056
440905
270949
957637
150915
821332
475528
476306
201592
554964
631565
449068
758850
822812
596863
714768
16953
906866
861202
993039
41564
193025
976948
495804
629282
460291
501087
17943
723169
815011
585984
444795
695918
597383
412634
932524
982404
991031
761174
122790
953111
770183
243874
761777
120743
692302
360481
982523
297926
168903
451491
976472
2367
974136
517183
342723
781989
463121
200768
381106
567591
532226
522432
443792
584428
554605
491249
192113
139014
216363
490042
950988
263290
703242
392937
200952
385058
852281
918715
804952
293931
675271
568718
176487
741349
552747
241869
180316
21054
256467
733801
43762
862031
540489
918729
457289
50936
18427
834179
549158
415567
729881
586273
71149
558266
925331
476352
445135
769116
99218
458255
526423
209185
310678
863198
153340
88665
983370
985962
756480
987207
430512
530127
59206
42511
163156
912049
504420
498639
84828
233221
779059
917436
669841
871943
344986
32795
70873
469381
856768
457100
473128
194255
444375
912446
461936
221230
294285
319176
170808
340070
980020
258528
954388
138586
162968
811271
603919
805953
98505
35711
206933
809380
771953
926916
412805
370640
865751
955053
923631
625670
259522
144846
792532
750904
914481
137209
615008
509844
736143
461650
520105
898004
88875
562198
708851
741997
690778
333500
449291
501499
425319
67628
87728
950598
660101
437171
209994
409766
865542
167924
685307
105674
566356
808821
849698
183138
223322
354853
57801
572846
151136
42741
772556
138803
421354
737947
518734
203948
237893
597116
799690
615056
170022
584913
132184
948623
119393
975415
849691
361106
463252
276194
444197
47437
931434
687211
763697
56245
236911
335849
291852
245922
820303
464674
419694
73198
816641
100710
16133
182135
103535
779591
834831
990458
69497
989130
439548
752877
523713
893326
942577
772630
104595
306587
620278
495188
853692
759614
324162
215491
905033
4039
137153
810330
208983
154704
414626
621479
884907
605706
767630
244339
624063
493664
993493
994982
316627
220143
735690
320361
560032
491856
818443
284318
24351
890102
23901
684793
411092
432224
11983
633543
229715
461171
747251
937346
92845
437482
403045
512127
134690
824271
117427
948863
64364
254190
735979
958752
878913
175168
14309
40585
440849
787493
397450
40393
858568
739318
840137
643791
376342
597541
475881
723068
799904
498319
836938
280950
388260
723567
182633
847359
867208
147704
943646
862303
281295
336639
652217
2085
182562
827049
831155
745722
925495
52616
241206
484269
290109
871679
567803
392701
370047
630876
756197
647339
537989
942768
888207
293007
252116
318428
597060
454127
622592
854978
749051
283830
629011
552680
441943
577482
398930
742613
695753
482340
827428
76706
284037
59118
802189
903210
14505
455006
83528
401053
945334
93963
918051
305986
238997
526425
933966
964929
290501
612308
168758
645825
501309
898232
987572
555884
359973
267777
406945
814749
952489
551078
230547
53569
596827
429893
655624
722681
749011
100402
897399
631563
671649
799762
971867
838465
424932
364192
650462
801872
210857
720699
130316
430400
481376
370481
895844
361306
435792
5472
236904
406281
509108
858216
642435
531578
233890
739420
89972
674854
173093
986130
933276
854513
729823
501025
227939
737168
101266
225225
697796
138437
34708
136902
853713
411120
799920
306850
433082
145142
586206
567395
845115
834121
282529
346138
571652
492267
432471
406764
81771
906532
843745
517801
715108
239080
860066
951843
809937
496948
989760
979575
844930
337796
197915
594581
885952
809784
593224
684592
511731
719383
919094
141508
107439
858660
461770
395205
236114
648224
826264
554228
813824
150181
428485
566944
621849
442499
541554
523847
685279
405586
284811
597181
915853
972435
319082
651663
214500
924071
701679
286250
686145
844541
670679
808098
855354
222032
751589
548838
632252
405689
166951
809208
976892
980089
654147
660469
272403
823522
838757
867859
401433
948902
286788
668314
623091
159408
759207
108695
2335
227347
575347
604857
630147
106692
55223
755353
806013
544331
37358
400255
652235
711953
826523
749518
733440
15049
167367
782568
95510
634382
170104
295727
855599
607648
205393
806765
565346
624876
568378
174658
887022
935839
499271
876340
103102
652113
464323
489697
553318
627185
585067
639666
26499
552562
433512
723881
213413
470961
342833
512000
614985
398285
775423
726343
731201
13310
776332
63286
897503
712963
828244
784142
117219
113870
667562
678182
485318
587173
388573
628578
839662
466083
404673
441388
381614
574993
685615
647597
331638
304965
992634
670736
942623
823455
303069
536773
910284
946615
285982
172180
597475
684748
462641
294444
924658
475411
248411
462267
115467
725656
42460
377191
808740
468674
573023
30841
158215
423051
666245
398979
100092
673759
31267
646144
832546
71911
29507
892300
273237
439289
46304
627168
916645
256266
186918
675103
271837
155039
672217
681514
238004
710806
207995
716318
701643
207194
885222
603784
932522
666026
133980
885943
478974
224953
519084
893992
618034
317847
212375
702825
969412
390957
577943
214052
566245
819723
55854
490592
263939
304046
702200
950330
171916
985586
491314
249260
559164
389932
470594
401509
261995
162529
567278
920796
944455
841336
431925
620592
534415
688263
14224
239232
955476
353118
404258
391924
323346
657242
149792
579016
103877
68
87271
941839
978079
460021
967927
925953
220564
495632
668302
962184
555022
812742
656373
50707
375863
792519
199783
459036
40610
697272
175079
960353
819765
807136
395102
112869
343795
306134
758871
253196
108402
682586
524434
251222
687156
616392
115983
23925
177727
222226
358239
993260
97280
270463
346581
935732
573370
203949
697889
24145
664692
478364
863630
418281
797776
890095
114519
307871
3227
277959
837966
47649
485404
995114
947535
58229
513846
539324
968639
675076
463743
194185
944656
479735
273888
204701
22684
831859
578779
68471
163043
406027
798129
780996
444096
476457
288750
925919
266534
753993
966832
29653
953553
763263
694390
152809
350132
266587
923292
387513
560034
43341
797974
646431
996776
660676
148639
861063
780237
617922
971383
65573
660508
127077
659582
441617
250616
467792
595713
998410
426684
15390
891606
565934
649844
965585
933690
98865
316844
143408
909934
612471
404708
535457
359322
965449
396765
131593
129729
936113
420123
391369
568707
82106
462220
912450
206613
110482
697020
647963
874499
734109
454663
675279
319120
173014
793923
257227
390207
715858
465232
876127
974402
310128
454758
407997
721722
999727
324842
181649
669769
214987
258046
730443
250393
856141
982181
862917
837310
532779
345316
832166
796317
140794
432228
219713
265079
302533
104823
620305
142486
264452
184535
550715
973989
244010
849575
920885
340944
719080
156433
137192
950199
54855
784550
256663
979286
233015
278039
930608
593459
110706
531336
706993
140790
211993
256859
346385
749159
408918
810279
235230
332074
845240
344158
353769
873421
368215
496814
279122
125539
577047
699860
948061
360765
348845
95075
243733
880622
54489
85369
258239
315607
82323
199010
970682
93492
471706
511800
636255
88495
570134
523986
880674
370767
512588
508595
952911
209964
753744
524646
517742
343939
945459
92390
156625
118255
632814
900963
248366
848311
23660
677550
306415
406804
165589
303808
573484
529209
161125
188264
462822
275511
619447
45856
861465
482667
263199
702268
531237
702641
517545
384478
627995
166645
527697
842544
591068
277630
567406
343982
435904
994733
275126
544834
189174
991805
593575
854058
710120
652850
131730
735883
619543
291550
772667
833008
635267
682176
475258
109172
888581
870679
605348
531510
817312
297618
908708
150067
276170
522173
897646
345025
570038
499879
568516
75288
650433
346438
163680
627149
839350
203117
655717
294670
354301
263557
555047
780362
247468
186562
397039
727098
849023
886583
146915
557486
674773
582712
248687
506729
368248
294567
399224
378854
3118
459753
51365
749693
612449
682975
572863
612963
246262
136012
518289
441290
324336
574101
868321
369924
755101
194938
406487
583430
608546
328116
527289
932473
732747
380066
987245
7719
479788
905394
408229
958008
276931
560134
78048
473520
667354
723171
395978
589450
190542
386590
362032
522410
587991
542099
114113
466522
119913
369708
489441
18217
488565
157071
177762
201546
459877
56136
55904
382771
82673
199134
49538
668845
315621
621008
532471
309612
919231
915660
878370
293567
493181
158296
113939
455889
309497
916609
630524
91132
201376
739821
590236
734331
436802
886345
571377
897197
849949
746606
951599
629236
208114
583189
960019
317442
363705
280606
339374
933061
68049
567463
82038
817664
220185
905800
148477
945896
689372
76896
971821
22780
812539
689864
444704
22668
723810
669117
425148
680056
207616
955812
417542
787569
438870
295773
40334
802447
940763
476206
140253
871649
797319
362775
832539
126947
581628
755070
961638
677326
384982
15730
808857
821090
486968
588982
425158
658923
175720
29571
699081
754181
193790
437207
961206
812504
563484
431918
640884
820829
844091
521989
406038
964757
623332
221361
253713
58605
683853
389448
642697
969273
562649
347289
607689
784418
742880
741595
661410
803365
133126
508343
891627
540742
601642
661863
662257
793387
686083
278413
225467
748886
321793
395814
378197
368330
260526
265787
876777
700910
211410
102504
654305
256245
868014
835179
124673
274188
414152
417977
958298
371290
315731
80814
46193
753939
983351
126772
733689
198862
968169
483128
320217
702333
210251
690975
14991
431836
65166
3452
784333
732367
879023
749562
372137
66831
117070
57931
993222
891778
111777
506654
504471
864940
20315
650691
725742
169497
810671
152747
619314
289800
852016
237071
63829
484394
852458
632920
467932
548828
128839
202552
716848
751949
87779
962570
289535
50134
836399
746761
127033
696642
840655
359700
191839
658516
417538
616401
399881
615726
509724
115003
222069
83618
205186
961384
402813
540953
486871
61730
608854
710710
639818
415955
730388
891282
741392
315152
135577
801420
50228
138647
539106
459126
389741
215048
433266
375192
933488
707512
570514
514595
119555
633640
829259
285095
590101
371329
369155
347882
194026
260575
223548
303993
796436
441454
552351
200068
628294
453829
18805
230402
36763
759108
950807
527938
780351
845638
508053
187251
49226
159862
547365
374778
420163
234149
685950
79066
887908
879589
122029
296466
2469
665792
955007
903672
84358
558308
704280
226419
465583
206332
262434
564774
214571
413653
518270
920264
586788
997301
342369
61385
179565
895970
656261
513024
191304
403595
476563
458619
407106
454625
388096
768886
711608
333937
786623
878060
336151
659730
267457
403194
987300
36374
727818
770563
572357
808167
831381
748058
750052
122700
256198
746953
917490
879321
619873
933350
331250
224352
510977
919162
566143
392000
847933
813234
704232
385729
645345
155793
898206
339335
904140
626608
614408
59617
370985
452650
165283
602478
578700
913543
858116
211335
735612
236677
254448
737670
126615
678350
621547
846036
380895
823090
486589
778786
518815
922947
417946
50061
894906
878715
306471
714111
882701
779959
897689
639888
596107
168445
401365
489792
225192
433102
303481
931726
71829
651062
844103
61321
93745
975837
233890
802697
976220
382666
897436
160542
189633
787544
861871
771879
714983
708976
120921
40762
341777
202115
920809
674537
452037
448356
488872
458483
703104
324732
260417
826834
179093
620012
37761
184987
17481
757376
408185
543566
896718
311321
103403
527432
865873
841845
861896
812042
85267
843236
748442
802029
172596
226366
677966
959004
963936
372939
752604
679408
597399
233729
356012
723747
16476
678733
882864
315147
107563
414092
22286
982401
968850
232413
42212
579211
860438
3189
786806
751719
752716
672712
95134
98453
984653
433702
846354
139247
227537
547801
600414
667731
639394
774152
295144
455430
266308
443408
861267
859246
947882
340459
196126
863618
570844
164117
269910
216885
560014
861778
648533
652416
559182
69801
238599
12751
356789
663789
966496
107160
817846
901476
1573
102947
849127
116292
183204
516972
684665
653142
106840
674579
967234
776078
292039
454821
969171
172733
458092
224927
947608
228010
376896
762820
376578
511478
734183
996135
668258
174036
10473
659967
364328
963413
738170
647073
249220
62332
381343
233146
380949
631064
539786
69786
53079
630651
229418
908583
805296
902639
172381
711072
989467
309400
41418
406753
239464
750807
225018
217264
680333
336409
460016
409999
232720
393781
812136
115385
8117
200954
311304
492291
156917
561795
837932
396509
238418
642977
598217
334935
695118
442662
592923
944186
822547
343451
998005
25464
804721
222852
889759
49228
687666
532823
64278
444817
52913
943522
416195
140221
709085
254511
609012
629160
147994
792923
360987
237327
947494
701118
882254
790248
53275
393354
68702
812990
726860
803641
940891
860148
282586
563549
92043
464552
12132
514867
392010
328883
851092
943690
113999
477583
194236
784492
544744
372356
642359
51084
247838
930628
884766
881920
415150
73786
13337
508406
61037
262110
683990
82267
336304
153958
304992
948379
41405
678171
283035
93506
891235
625152
747036
140584
352602
197579
528704
825313
177151
236783
858343
139397
414910
423599
99881
29065
909683
439848
182054
224955
485993
28346
67743
586464
62009
421834
829142
22024
348376
429904
768251
271428
633089
982080
974176
733673
435287
718690
952006
930749
597875
632044
234134
103547
484903
764174
400386
629810
586565
13458
378009
163093
117682
860064
41865
576394
193121
820624
463623
746884
137271
627197
563456
565890
512162
994117
601012
738987
283999
123321
355712
477243
894243
324289
412209
66135
472833
785610
29980
445201
585855
116423
192615
656821
253532
150957
820104
444399
840147
882063
763025
901774
310066
13126
722229
598459
347639
574733
181339
322529
398405
362054
731720
601522
119210
943152
975700
678918
828975
583228
916754
863494
458251
456089
243354
35329
944956
754912
917115
917365
290660
560473
552566
297630
115310
129998
94370
308058
88614
764296
847412
134888
297493
771424
519251
84362
170646
899100
120224
368599
67708
641830
58251
136047
168494
338571
227743
171113
524067
522792
872631
68729
167834
621345
466762
154070
814462
140042
423161
66653
408248
6201
224540
24356
88456
164021
744997
181380
193075
882563
390742
302151
634922
923872
824732
35420
555655
244392
547603
829975
12222
242002
993847
938877
87018
470065
618021
441887
689417
677733
435925
324774
612213
999997
134282
414857
522004
954831
995079
867564
785954
549139
180345
320869
939361
261573
895809
501258
42132
105395
581660
374678
571662
267573
761930
369487
905258
360221
449045
266024
561495
662933
408173
469288
458457
692569
473748
639789
774495
227365
985893
801230
176835
208599
268727
986342
246629
533392
166273
793382
461692
772985
374485
790630
188815
598598
7738
837634
773880
195487
266239
206794
543772
312884
172573
486142
759162
437290
120841
632689
137250
514841
603933
414673
32759
529213
641608
711365
169354
913561
980644
839906
669726
176520
640176
393125
25973
811218
812790
715700
331380
174240
731754
652454
199456
146875
444369
124399
275628
898
561273
3066
129801
461045
852884
447149
70637
375861
246240
342038
464140
745505
499483
626355
537743
283369
100160
213289
713792
504215
268775
282776
500944
724875
193458
345924
714939
62665
509993
87099
962967
572374
626662
81005
751528
36925
856562
46449
625933
957338
48978
725003
299608
829816
24204
17857
776474
606490
897079
577992
362421
960028
698784
737151
729892
62366
637733
36913
923758
274932
583879
817542
416627
487132
771075
482228
288102
931932
313697
3
4501
735729
601379
958186
814670
745787
223565
38032
263956
979576
890407
288586
525802
194291
994196
714505
411010
8250
72613
340435
489540
397734
413716
515620
576800
240729
313952
429699
382238
75651
214467
76071
38840
415376
10921
19104
961413
83947
506059
464951
635026
650662
888711
10095
83115
517993
984125
179437
637872
779230
676865
688709
708032
530346
39289
167351
140847
360222
777026
360802
443502
635859
75786
596965
952898
924263
116537
936513
777472
148948
367948
500053
575061
713629
519680
654746
516056
445187
275046
710391
214938
854763
341956
279072
381446
478347
865141
541156
719117
557139
192646
131743
686155
182018
954825
871205
729182
301205
582782
772133
481535
408447
741308
399736
633698
991004
599531
328909
101819
687174
732472
507888
948308
682636
299295
654283
812301
172351
809260
580016
492927
150164
642268
864260
926466
296194
585401
182292
944082
617658
267507
478015
550689
372608
908844
179078
315313
199588
87106
198976
729390
556757
664718
433603
17431
705108
254631
664789
557761
384360
988141
378941
83368
565230
833338
87302
692161
824291
904032
373394
758941
526548
972575
682725
310813
110230
33477
650629
902180
468734
39440
77301
44335
215106
616319
393722
725861
315332
530450
556867
435091
75685
902354
567567
34356
317133
2117
289531
994100
213933
424548
260141
274369
168305
925926
517262
103446
282208
82250
878720
823710
122927
515479
969430
836585
325354
546064
373724
438445
996048
720433
568225
536823
937408
79898
596711
127389
370986
385057
550772
40782
366415
893950
671697
961244
835331
762449
595833
108550
312758
792420
865543
160753
776307
858940
509020
458844
742327
787631
380400
394135
991366
362239
46910
356980
8321
517278
526207
941693
899951
292258
254408
696814
35710
416817
822971
626212
406830
547202
813871
589973
66738
15045
36138
899860
942019
113240
657972
333014
212689
830669
673359
373418
837228
829560
563266
132806
273746
528604
386977
350456
850393
230007
44060
669601
226713
965422
711605
251907
423429
274651
751268
709966
433663
924746
401883
25367
299101
959483
694359
57581
814332
895278
545331
75315
601851
477385
242261
100672
173591
125409
181373
41450
171736
215163
444859
672230
525563
564319
777441
948382
174585
930832
28942
390203
794848
909022
694571
859260
661855
22763
750250
904888
447233
812364
511314
349456
764360
939067
774373
35309
893026
657932
154091
973528
92033
45136
318564
523434
20127
863503
696193
785528
737221
407177
825608
486685
878956
725619
130685
669865
551675
385051
90874
905110
628640
689263
929859
936508
91958
544880
57853
471527
799853
885596
391355
580697
861228
72759
347927
510
454876
61594
430358
677926
396014
266215
20819
123204
545473
426256
324003
343257
412128
808235
486054
113420
811312
577149
488473
954592
435130
1917
383918
757311
982338
307883
796424
931562
105782
823539
392653
798237
496373
397507
70392
754301
187607
279230
118247
938466
939943
287951
59342
206435
159240
56952
445399
857729
187763
549614
68956
71785
908803
137820
244908
302241
229490
153154
83200
958484
502375
832748
918522
609699
872872
549248
539270
873197
9100
885498
471401
57564
802504
628241
672070
583646
974329
663842
41790
107230
813944
605737
675138
61803
655439
510059
256348
773807
485759
711201
416256
776290
760588
981489
812469
943031
141292
342973
997712
312385
386410
144962
755761
802291
591154
609913
732388
465865
288656
175573
414284
493582
16525
464945
826610
553461
903546
763895
981422
546242
288099
227220
275262
835524
214226
340568
863390
149287
855187
74455
850818
845418
123102
342765
235149
868788
702360
394442
407481
983863
51554
900102
97827
983756
920983
899124
486106
724355
203014
802489
554161
962156
223108
358282
112463
557386
507140
710196
276275
791517
573878
308865
488371
628429
251232
307578
853442
472287
523365
535167
93688
526452
448074
567912
941812
646075
592399
835259
505348
607792
226564
846823
600395
186281
18011
606995
792553
245051
663153
427331
219437
16602
99661
158751
157238
700871
522334
855737
616878
675042
936124
451945
866927
4388
34933
475011
46931
4451
788225
770698
390159
450920
509738
445172
584921
482086
491431
735647
593947
614678
685490
646054
685755
374247
578277
990132
618412
50647
304789
404776
547404
740451
640368
351868
234752
722424
13461
498528
184867
856096
988110
973202
989613
808599
511121
325729
484281
448655
573897
806759
184504
411205
509676
342112
332360
707470
405565
687261
953250
948124
462218
554195
797119
73066
462330
584696
102425
486938
781130
469305
35100
483682
516605
331386
408167
279051
817786
740358
668973
899876
251602
145712
892557
950041
380797
859031
115148
188220
629809
858170
307748
404604
717829
313920
597030
706891
27581
946239
939919
272014
47506
540536
599814
917982
998158
671415
293592
508266
779740
114058
51691
774285
595955
92472
15507
105341
745273
797500
872911
202649
244624
786840
154551
569837
793391
725565
284543
945452
296133
78863
234821
244889
387595
189983
162177
122079
900422
864979
19521
661192
199830
203888
89434
81182
516717
754702
567485
825436
805623
767043
703348
170948
984569
35050
301051
7658
385052
29121
120168
968717
490900
242588
58026
984977
604526
889438
539074
460655
351037
417775
528448
246276
208954
397016
666067
13970
3886
964115
804674
259926
926498
42980
637773
574886
305921
846725
228647
280349
634542
874000
788919
451692
63678
785942
506154
298840
822074
530366
918078
270350
721826
826395
787472
833871
71949
733185
957135
721153
199447
410277
88065
455492
363934
492039
407303
456651
210817
700362
212928
268126
70765
737856
347148
674324
171717
324459
954216
209657
896554
989265
705042
465274
79169
385924
921436
373745
617018
63746
546784
349241
78616
668832
573059
620813
637741
105202
775676
950524
685414
854100
476835
689969
535187
858619
574253
62803
863722
834339
747579
776969
20360
574973
769895
712263
813193
312742
276849
930125
148487
881546
326375
850320
741025
709531
844706
659688
740035
644380
684709
679482
819697
56346
816228
656595
904707
162881
841617
112013
37570
276740
276712
177403
664994
786505
478488
332974
968592
637671
12212
906765
271212
744807
910040
236761
723806
8193
356166
803939
503032
780031
485330
858699
508242
377154
821264
174371
8674
793825
38731
721175
298681
916884
144473
934966
56295
652923
995366
910250
125253
153112
167841
650598
473761
872693
320096
725411
511554
632336
389533
289225
25678
709152
234750
895741
81164
782992
597151
935646
3051
758160
593268
172209
619245
590323
373830
533528
472822
929981
739294
575154
44642
448322
829556
917086
951778
454475
149604
785156
158170
623314
229781
520374
728228
939581
644283
259172
758381
210178
628672
733322
334823
894003
728192
571272
404577
937365
963912
125167
682849
595444
147475
495905
920730
179514
103434
746896
626304
61021
502116
807490
385760
298107
840766
999139
893546
55447
652850
313204
13021
443414
931257
781957
2834
447621
172784
200635
828048
273764
392050
13245
564527
657698
874515
694820
628578
877127
850730
479818
429572
927270
797967
429443
249414
195390
731247
351759
821129
368711
780526
349575
785279
126112
770000
105562
481693
818304
561002
887845
255411
337719
570557
431616
63040
644413
315741
609901
783932
281063
811952
6474
925555
19618
323
168739
554039
558139
300950
629711
578989
788546
328018
954680
265614
392331
678937
846659
934085
276645
515461
254194
906429
742251
575434
173213
321160
551085
242833
581642
105344
42923
348416
859984
799361
694299
971072
647581
851185
701446
859614
287809
698551
409473
887629
476964
807262
854478
260968
678181
422178
28822
278556
439253
358823
421136
967569
559432
777646
834011
646385
311655
428993
352124
587431
650678
150883
249844
858460
67358
818953
636770
899383
15340
734278
748126
169173
678860
529492
703287
607261
681701
435245
425974
508345
643258
186624
825459
95377
849731
824232
696297
440010
711679
416719
983447
861091
500543
154519
719582
990131
325904
699020
296669
180465
315689
182846
8299
33814
880606
701832
853048
684666
227605
346150
710819
52829
880942
275190
12059
793193
43048
712767
479262
693131
909313
779150
488054
417150
872390
344622
360050
382519
822309
202096
467883
746220
793877
468267
59021
205896
431827
89652
499753
685617
680489
309657
143709
124954
453399
22730
737024
320302
242778
870303
380680
62240
563070
435021
307251
582578
772926
408813
335592
169867
961914
725209
448827
944890
303227
858059
835091
524079
162456
567447
706109
218704
1646
975014
105067
970985
162320
482950
897583
202549
127849
159623
756376
418943
283203
501595
571242
726494
328218
93168
414486
298702
411705
610323
578631
986296
960310
607444
393177
418798
422060
812518
407518
356927
140603
298373
559188
228352
346135
370866
330989
973744
541501
871414
689667
622116
605448
537123
85676
704737
365014
129047
542846
312127
27325
380434
398124
78419
293712
109516
385299
903296
521176
443257
859938
383950
5016
76063
412727
95348
871362
340739
506460
914970
179327
611530
626283
147755
514931
378211
537783
942304
150287
142240
29159
705729
57502
495405
516598
710219
612016
692119
330738
406699
999251
168859
165584
153509
375694
53767
538942
875366
544520
885050
731451
632279
270810
566983
766146
152184
512792
728790
629374
11424
75212
848195
375050
428649
73745
337711
462538
458975
259687
770312
198887
344691
984796
207755
460535
512075
294578
203068
208872
313002
44733
829515
737628
223974
299944
709894
302765
405431
222403
203073
671470
28149
984874
748165
57496
63637
302766
807089
738045
159220
957003
238459
736810
927772
795241
290490
381363
628398
721390
565848
272545
448563
432298
417436
925017
26655
579169
841009
707389
928679
759942
474280
42254
679564
493543
198606
773532
549032
342617
637845
436312
891091
974918
547938
450466
761623
27703
689886
343182
599194
917956
765489
69603
13681
145372
69520
106155
575375
886717
597546
526839
473998
41676
531527
308893
798055
567472
690439
46563
499360
515095
175143
813622
264118
319584
415755
406152
53832
185124
56138
84465
216230
551532
852688
604746
3032
379152
562788
981463
892926
144955
902729
475487
469196
501856
231030
717505
31227
57036
649711
323447
354452
228379
543025
454327
777870
233785
906162
902822
843901
681390
853923
52654
757165
290318
956041
322300
651167
835599
22956
823230
785276
483000
900647
475576
241846
825703
12338
353065
900143
155965
508494
387230
242002
920086
513689
968068
153069
503168
753405
692224
374036
176713
789324
917780
851633
727183
437504
421052
247317
846956
278213
973136
777005
119620
44617
475415
227630
181164
427557
486360
805408
732255
996550
482580
222445
871133
445700
629522
743066
661277
179898
99810
932711
301444
836960
415170
763397
802007
939760
438320
144997
618619
55784
114522
870519
639250
349438
700033
526253
950424
255046
976185
952994
420195
43454
731742
619887
397185
509152
932542
857143
810615
399438
940765
372491
520007
219838
461500
198767
440572
878690
227833
53172
653805
152966
684993
364772
832734
971898
352735
294742
143908
284984
861443
328336
999978
854298
492364
503051
361467
540437
865280
296637
908182
425632
490147
417268
873360
217249
487149
554232
377856
13478
770362
525346
936275
549276
17397
81148
964329
832355
702898
379380
697712
786750
556283
299959
446196
915313
670016
899274
113230
943641
622831
430486
98519
83437
449008
180691
515540
258763
955743
795632
974176
830669
448092
315291
503063
193152
912613
957387
750944
60828
938418
808421
523523
288793
795391
199038
105170
915166
19525
475206
515676
160007
45981
414911
432893
523451
355026
7094
150822
6610
660070
302853
63762
825609
910308
413766
500989
373960
414350
886321
681502
938000
794089
783031
731841
271653
615622
219653
261663
402396
757039
364170
645416
284161
521634
970366
956022
730271
105654
596853
624547
852350
44634
462185
387845
267288
846036
137355
467337
832180
284271
842492
42347
135229
34411
313527
757726
315183
893254
32579
740983
316853
523333
283236
898652
353347
659787
505231
663331
385538
424866
744986
328056
686507
645791
949858
229300
68130
715456
293766
124322
725191
375006
59958
348147
646676
412152
992336
123334
795670
163364
243694
581471
763952
949518
688775
867553
99108
168224
379043
998253
957676
256171
356831
584365
197899
959889
131939
365821
770347
793548
138952
268662
525738
854921
912137
769982
91591
932695
492662
674312
520979
430727
716240
110812
588558
936768
14027
416391
778188
550575
379559
125710
564886
647511
507811
640335
939814
536511
788831
213548
577344
926822
431453
98383
181037
342113
703026
347566
740633
51446
772604
276434
419564
892575
778819
880993
891370
135915
173216
275088
51964
741784
217410
969749
633770
543526
210539
521149
128689
843611
421678
142723
258173
806707
611938
980844
674469
186727
104055
687066
613088
343533
759878
903982
854813
756579
27160
919977
393102
925691
84261
608868
268877
722338
719741
308471
500570
258697
682489
930155
847915
19352
843272
233191
533328
985474
46260
941971
892158
991771
916320
525360
505850
520555
505428
894059
22306
814066
505150
823072
383544
716640
700131
599393
116040
394821
609474
9956
436226
875543
777131
19298
887246
859765
272636
228794
514868
374333
83093
759943
430619
76038
840030
194127
921127
535103
713194
586248
195325
172977
597738
630589
739148
861801
748157
518129
173325
690609
132312
971027
416820
844555
271143
392925
176928
708625
705631
81173
672250
991947
53379
514038
996003
563625
856401
758750
592355
121731
745216
701759
904047
167883
339078
900033
336105
585256
694986
323138
88194
232641
645983
873112
743085
612816
264660
578908
603021
22313
6694
457452
876663
802580
152692
552725
821204
457214
724860
322330
974466
849575
714313
465030
657658
706781
172371
394055
113769
714759
140435
874211
177882
514358
627915
969459
647863
413053
31829
898423
900193
805210
296501
458450
669797
869215
849046
168547
43974
132102
276625
134970
218509
312223
23502
359430
814092
958889
826924
886700
794043
804981
801121
112809
384736
545887
363847
725628
657024
463968
713164
749649
236510
183538
413228
622868
263130
4170
37022
974640
355887
761253
900559
216891
73927
94626
45265
427966
119339
907236
198346
558035
198087
104292
271618
530543
742834
872775
772648
232022
44344
431992
416728
844488
970230
859953
410478
68997
137165
16107
734124
340315
74795
978101
723397
682936
187047
310065
358451
289335
677826
954424
681420
324696
220660
115033
555387
355467
937419
470856
157937
76790
813726
994468
909073
864598
113415
553803
275513
975380
306605
401695
475884
624611
546737
975825
595630
363581
601888
104195
861971
317980
838961
871905
300024
60800
746382
884310
518242
327235
537304
712622
938050
898828
534762
80346
568625
842750
624137
130526
138343
683556
851615
24556
120897
60349
5356
307313
723932
253835
776611
164211
805330
131261
745259
312613
606065
110716
985449
104448
902714
113920
408362
439942
506594
25964
285866
176389
272976
938146
985347
454905
536863
163357
792728
847005
467745
202762
486762
47696
269380
471900
300947
445051
636521
410776
858655
602049
95687
645872
677413
746383
225164
550448
953184
72954
143630
797952
522829
506535
582702
69766
18645
817668
19477
583314
510556
645870
875771
285810
295173
695211
15777
6347
837301
887727
234263
51939
798736
885013
798440
698130
936823
875191
222919
271891
632647
30554
342534
229220
763766
365138
881804
54374
522172
690032
635372
946994
736752
345669
409080
293614
944701
805879
404194
966291
153548
267729
112397
947602
24674
697386
681367
744101
520915
507690
238789
919812
283110
724057
647484
869608
927755
213080
130508
707751
819472
341107
299986
434653
914355
320780
911163
272844
682975
237712
673786
901750
87701
322870
352766
907291
354052
699613
26780
389138
26256
764953
232658
822295
432989
457730
594227
823216
440261
850323
804893
848750
2248
307702
19801
906799
547875
45592
412986
337251
808148
865584
882168
340847
888162
22642
712654
