10000
827586
837725
509109
574033
495170
837515
141772
410307
402925
285342
712720
771059
35019
550233
820856
180540
265831
731585
653740
473701
972220
173230
743300
148787
1497
416388
52872
178203
428636
371857
209836
579263
888266
901999
735595
356633
368389
555002
401844
193085
667643
236591
944678
351436
436228
871132
858775
427377
400919
175561
721181
639187
938680
581359
185244
667140
304206
986649
30314
370761
59443
134689
453124
608265
30650
119670
746158
217991
516376
993943
8432
727383
317129
581063
294822
896332
299843
928340
82801
21633
936877
721230
529892
786708
253679
811890
200142
716468
695528
983918
182296
91964
232880
814452
58522
800251
542943
86852
250271
181416
601037
379435
75830
907483
774516
630460
842633
64361
841983
467994
421526
316916
35707
455719
7935
473183
169186
242052
839334
311439
139643
38686
750052
428937
855680
745899
325798
927682
183298
835048
765555
919499
94213
755394
190821
542003
795804
424410
408935
833971
243215
404533
585660
356705
330454
720888
390317
810787
383230
314574
192576
520871
150280
114506
369334
666679
483488
819895
132304
836311
252657
227965
190154
221645
473348
166599
340946
485262
970627
623972
350311
490158
28759
454144
523231
544589
492203
414346
706104
57828
295222
578951
534565
808677
700341
851015
863409
832132
494984
362487
114999
255566
336828
946087
735112
207048
358190
245585
362567
756283
216980
55905
506243
49650
400448
519804
214945
405238
920495
754123
125177
224270
50652
412330
843329
960851
527990
289827
425436
811748
800201
656841
252362
5115
270517
596317
655549
924180
872189
622344
517820
270683
31111
63124
47746
143052
494767
29864
100698
904562
131500
863801
849186
482001
436472
167513
435813
645904
51101
230128
655380
764669
793243
729784
641926
604980
417493
435309
132072
591714
417592
520656
572079
145252
519367
59966
776882
357850
304202
88213
694716
556712
66349
32278
1394
708358
107883
753703
751437
204634
245725
503493
40825
110297
616770
370863
975165
325747
534519
362911
649606
460607
367928
655176
521300
46970
654175
475970
175616
725542
855517
741646
226523
151982
469519
632814
492873
209385
638044
507654
195939
22117
255686
513983
393456
591641
615128
294092
69728
459803
256411
592769
530728
140170
576319
360856
799769
740023
432409
53447
822646
839640
104132
719227
815513
806467
470531
211460
459059
734597
918066
404768
231422
233185
658743
249646
39095
210739
689454
16746
564167
14977
887184
847888
750892
517619
527985
457655
765584
701944
92643
678412
223166
583812
880488
902725
380442
622102
137776
880223
748059
997341
315189
219942
409895
687739
139937
351738
611016
953332
275709
134121
296183
12951
73644
369480
570158
169068
663339
660651
11913
62584
22093
801763
196101
941989
123139
540844
194508
986213
865024
656226
928687
6087
413828
170241
395548
407428
14506
523377
911657
248107
840472
992844
941488
644426
369556
145337
130795
706559
180752
360544
418316
742454
417864
1033
899600
933462
294937
983179
56321
178778
961386
992001
400166
823636
660907
984632
56505
168305
270414
854972
124788
858817
216991
198936
683141
200029
96442
842979
292906
904777
869835
325323
848235
106192
874858
471987
665810
833135
11697
906163
247341
999031
514196
973330
647271
162413
867847
90199
350846
202303
176133
153209
19356
389536
189069
787490
782544
676361
580825
85843
111803
214176
127159
23050
191968
163507
971981
500749
703760
804766
334061
413204
699291
599154
238785
802519
752349
28705
125405
263114
541423
3188
833873
916704
836864
686469
170319
505505
937980
483623
381628
320013
281705
485438
588778
285030
741253
868649
996682
617334
476320
675362
124739
699226
631527
595360
868206
7656
611005
38933
386883
342515
321391
691489
772018
141253
542571
724032
683746
309281
673654
632766
564364
11261
539570
159244
467907
472748
399166
833920
655346
382142
510433
849419
621773
289137
458172
422121
858016
108060
868611
237148
998519
560514
674085
542964
91634
319347
887169
452518
321473
429030
683192
203240
747741
538747
848995
153342
186430
465045
827787
949321
12907
407376
53027
361989
607391
609993
42165
912951
21275
511012
726336
969478
287817
468755
45571
388389
42033
667752
148984
557082
708946
228907
829489
763605
25441
429823
206
898350
732220
515311
585064
304954
643714
848733
104763
933936
961429
954162
238472
681529
218363
920277
285304
668627
387205
585507
411351
48621
462723
470600
963786
946265
323664
354747
851939
97667
405904
196231
683892
542778
669513
533949
101580
785310
458311
673000
545730
479016
340849
112751
780127
313936
37767
514203
760044
859103
271701
180461
763980
696693
202884
33152
505995
533748
403198
14698
806888
48305
258580
918864
817481
679186
868232
624474
513435
746769
221018
204810
231306
735226
140362
233044
119420
910763
535860
692456
909445
900722
583980
834755
824091
229280
78063
950790
589259
552216
994094
705765
576206
346936
660316
14496
298371
801775
624184
356422
416250
267212
965400
576341
368767
389389
347145
796189
997630
130955
455945
550398
855555
533610
516415
22914
597431
905762
737247
280195
754904
658022
242017
169240
136829
291796
899423
956804
319026
513327
288985
619880
488909
812039
275571
407038
988332
868542
489480
868206
228986
260645
322870
323474
16920
954286
43819
489851
173855
874880
722735
533460
465660
50067
623398
774673
204765
232628
135123
312432
616044
534222
550061
931693
732367
344964
145922
351454
613920
935024
735325
497081
481810
756611
664717
592525
819359
449284
835382
755611
820931
836870
191282
1977
988207
710341
882747
820648
566958
257926
890010
484275
799781
316673
979029
443957
556527
982138
687839
358265
908509
873543
928342
686140
782267
168227
37517
179017
971746
84481
257582
470387
915744
917325
157302
718012
488976
330984
188175
627349
20450
5391
305381
443242
947828
796894
416653
881690
922098
155111
810452
603345
59359
146647
704345
621432
455772
473666
185276
493567
47352
521687
237486
785869
970085
994888
929202
147354
428971
887484
12009
653043
750656
627631
564525
500947
685300
150831
833584
936567
541392
291434
120068
936436
5602
768044
931767
203406
266679
448581
814292
905710
179986
304913
133010
490807
285286
423810
39121
707269
849122
693047
567702
362686
827003
356034
454733
964288
592016
169808
888062
201766
394450
279586
169
11396
581202
292792
966795
607179
334767
581786
273377
763035
645525
833946
103374
338612
996116
373478
361461
899865
87712
329187
270656
955013
623998
517650
282498
814833
508017
19870
301906
228558
841087
968958
330025
524022
570731
503866
521419
716525
235147
586225
96393
836868
895067
435856
328166
957177
208692
881396
901626
173584
62381
937021
687702
683310
759107
74967
597847
543231
241980
590416
986730
226490
192051
292180
883781
97767
610684
573284
494508
975091
60540
594662
369082
441157
169280
12380
96790
953146
411822
18016
462648
243570
97639
20369
754221
669652
192591
729363
350846
144930
879920
513051
654590
259767
953654
31147
465767
443325
642372
521616
210676
860310
657843
307294
270653
267379
742015
623619
485964
517796
596103
746387
782163
442369
242980
41804
17053
688536
554255
578929
204336
944382
700833
454996
175879
557192
595813
257107
335200
52125
416405
319047
404692
931130
19570
21927
938887
65749
361614
716493
133621
304623
580926
131942
957578
684609
152784
658756
578430
508256
172088
106674
320562
527271
907387
849846
732943
791812
444582
524446
598213
450811
546398
777169
268742
547100
922023
610259
248659
849550
238636
859057
448040
702866
248503
344480
497555
612565
726478
275050
197321
803646
141275
812110
72431
290405
983008
698653
191127
590422
337794
484163
821856
592815
452700
245738
709255
256513
788575
199375
222450
456587
289563
947317
251672
542571
318242
412815
37634
802090
85933
108674
990884
839752
365391
181666
973432
910742
808234
959553
505889
339057
192773
592690
364567
818682
81368
206647
344871
191028
139064
485300
81714
387988
414124
885560
166607
384066
619138
307362
447593
482514
717016
867136
184122
445315
375215
106023
26087
426520
931564
49015
882831
301796
604150
864054
934143
906728
753398
565145
675417
167883
230146
686629
97532
187610
640251
320956
729193
436811
805339
457207
186178
317809
49659
728285
380990
8316
113286
983906
66003
19571
434803
49858
477787
931107
504829
663996
900088
858944
635311
889235
710173
128235
757357
183072
795947
729429
87473
712332
560803
524910
558186
453943
362976
349605
406052
291840
284007
403478
269399
31484
77282
809164
866059
384177
934785
619922
570212
141077
917179
647582
834415
479140
783737
568580
26331
664664
252689
270057
725875
542977
395631
741961
399220
831208
781197
250842
38045
561852
840932
698843
969062
494638
692487
714763
226087
345530
661814
216097
748899
104743
49420
435198
530846
853688
864029
494686
79304
15740
535054
815580
592235
666910
996956
992502
892867
121018
163014
538580
123680
483195
777816
167412
80567
213294
523607
821044
867828
142352
711577
572719
866235
713891
694691
736264
383204
554649
893354
352722
468197
174509
855614
579426
677931
907719
292137
222562
315238
99535
769225
174911
320527
130833
890373
579119
961317
23785
421268
818975
847835
565243
141348
581205
989515
556764
191319
728534
747931
811824
502278
236977
583699
373827
281233
370271
760674
525284
442156
507709
512800
361370
598590
630204
560765
955450
223487
333986
82822
278587
765342
84279
931589
627791
172848
809552
228638
682509
212254
216199
631409
625844
745046
422677
30983
526925
690323
451422
10098
256449
126001
380750
238295
894074
777758
956590
591419
389744
298028
324429
228610
44394
365355
121635
633018
549241
441515
292242
793805
75167
56503
84840
498190
754168
408889
513143
234806
671694
202237
585367
77546
9336
903506
775252
284865
312934
862124
339929
108105
55403
496400
140439
732919
138236
986538
74323
507875
754019
977829
207755
731412
127495
883241
866340
913419
100167
875631
543997
927952
227162
510635
113407
933582
493396
903349
318005
941579
186121
690117
7008
262960
29666
704526
195413
457758
647899
580716
496200
605974
268566
926673
464529
689528
9355
51091
506897
447582
2235
788524
293628
191043
71405
150122
929467
667895
631683
796420
856814
456794
204188
908091
67185
512777
514215
977018
380374
646225
265193
474451
573895
61918
97518
518041
316825
203176
508266
758718
153418
426093
6782
538885
733274
733242
825077
334320
790644
86337
134342
638628
659428
230078
816374
580368
764498
913294
923829
991008
802434
755679
935395
71663
332053
219611
919140
841966
382904
540178
956057
520420
531113
486031
195212
434375
247465
853945
73678
477432
235419
138554
787836
713586
583114
128616
704109
39410
176159
642560
486496
81321
662394
467533
770646
163184
199732
272715
98474
475177
327939
781931
316205
319017
971349
985493
24002
856861
406982
658793
99215
417478
670895
575469
964724
663379
281813
344883
529729
190039
124938
280310
211021
159436
552016
102428
742454
610590
925367
114911
867220
969738
177796
980415
541518
356190
626077
899961
945342
520497
91562
107349
739591
672440
517228
732649
847360
963518
247905
587764
253036
900100
37782
867065
561878
82437
8281
972428
125177
736105
327274
345734
521923
434196
191473
40871
92871
931554
969899
940971
6887
107763
156206
117946
811220
187799
334273
938111
313027
965553
904910
776231
615219
345992
40197
88884
444040
680894
940047
125455
78367
481938
82088
202553
300670
979778
327241
419331
771316
399642
439828
111404
425095
775135
13555
866093
529509
976543
171361
977278
48037
502566
449957
818630
516457
353356
403499
974145
213709
858011
450542
138664
806552
65113
696190
777748
708496
84574
459581
129105
921797
706793
656807
456890
783533
276028
429812
807909
926123
738151
966916
971475
52932
160554
742435
541079
655111
77185
235059
984166
765973
253861
274459
179272
866095
295238
135649
686032
41469
638761
708844
740889
778498
941600
649330
912994
138113
839874
818790
551932
2086
666638
530479
32418
107071
406609
16776
571522
361046
281435
357483
622503
38157
520127
106976
650367
426926
88900
927005
964014
274996
597587
811062
235711
960393
320314
497859
230043
100914
590036
152300
155683
245461
230278
100893
458880
799591
235518
231197
795010
216935
659327
492514
149029
607677
691171
459563
843604
551477
265279
861008
583358
591914
693594
913376
431777
167951
263110
727246
691581
113038
144626
773878
905221
688018
572704
499743
580024
121349
928652
456712
352638
898024
291209
237884
756173
783572
61900
488752
837130
395730
925858
341215
254954
244573
65829
681753
465507
630627
913595
68537
415889
175184
199103
289981
986407
921949
108447
91535
236330
985093
963536
927998
547834
930110
187029
954042
666713
142882
773371
232505
9939
889699
305491
212096
478960
74201
632637
770393
895127
634726
258230
979462
532054
736830
761203
356293
577484
370410
364678
319690
37547
740273
994202
813418
486914
836467
845825
912368
371978
599652
17374
284098
552008
75889
80508
729753
44574
837259
731069
697503
778039
925470
792243
531029
130534
702997
654367
306082
196528
727997
945922
656770
614654
979862
917296
330045
841463
82894
358124
853806
237035
20088
167700
808169
502600
839669
114304
719801
542782
648595
519781
455242
640598
550620
554236
828046
514853
157278
44344
43825
209128
987567
627321
994443
225856
7038
373344
586446
512269
994676
322832
126298
522816
681897
226173
530455
578091
281070
971269
280549
287759
525396
554928
424980
942823
199894
278126
306342
878161
234342
385059
366625
310749
773375
564389
497773
894735
150431
402148
678740
272470
920383
76920
325706
200774
367176
976779
120001
829985
249549
379485
513303
439770
657785
763584
43629
490866
872831
100507
990038
663082
569891
276076
486608
299884
336891
775506
336905
722729
173172
678357
121422
979612
267885
646560
959825
55668
222214
856039
868993
251201
938219
848866
88150
186519
120931
822674
391089
655741
785169
155554
769874
3798
212189
41350
17391
159592
846249
763428
898718
790606
930737
924340
358604
138751
336101
857316
560313
188423
418221
523797
535505
723547
243424
228300
162083
979915
747776
749287
535470
177991
92625
697992
455769
361057
711710
29872
85047
454912
968984
891077
614597
215931
752034
166865
330890
20495
566165
612225
35358
259263
983865
649338
140885
974779
153431
966575
428887
772584
90763
49459
295567
555215
947117
58930
308284
205047
523778
844556
698048
385549
111230
472015
75682
723146
443087
8166
497387
969369
491674
480508
820660
885395
485042
560439
21906
397230
918073
536869
407511
50837
580805
182839
183273
342170
884074
939558
316661
524778
443252
334449
717542
828770
18677
944867
812635
761280
820160
136823
595907
248989
24266
192006
957870
132066
567719
735944
825150
973011
846900
500784
998223
257122
283323
708712
360610
963913
504450
136954
298147
942585
902990
969202
810211
452298
753297
705050
873968
459391
986818
187611
727536
455615
687143
492454
729784
245927
190197
799401
850879
103464
947494
252141
348900
211299
585244
504634
130020
207256
117269
412833
938186
725581
668863
793664
375966
534920
374815
259251
784698
434782
505536
571388
126190
315525
284104
241169
22603
708845
233735
4025
681248
241862
572769
352782
420037
458096
406689
671232
148117
726319
864947
743361
620730
310218
526726
547351
560385
837071
647114
349800
158640
479809
920839
526158
931076
35584
749892
920694
342864
598116
330186
985046
717804
523982
166967
848634
207063
606207
571172
371224
56373
163698
740622
125087
32481
656651
377077
684285
806203
209498
781228
445780
778531
596883
189068
704107
691211
705811
478931
723826
721782
252472
296693
930861
231843
678079
221464
743983
595339
898368
996174
961644
666355
203063
307221
958765
708471
683417
763585
989212
735556
17952
65966
139471
56321
379812
902616
279987
625739
347725
991509
322637
148197
45712
610421
366410
837728
410375
463137
104788
611135
4774
203831
600942
101207
624307
896871
706760
498233
396448
769707
138206
157794
143026
874884
879531
215043
699210
512719
186787
949230
246822
970432
916424
970049
39180
474397
765331
151354
535740
564655
35616
943739
869495
753048
388559
17829
606393
754905
967037
928407
618250
837661
204864
139829
558661
909960
430902
662781
282216
116967
235652
708974
882353
332237
830877
768912
419543
405192
742974
311613
789082
746765
87232
246539
515538
607841
352218
982759
697908
317521
437545
564005
470518
502650
321147
625724
146291
477657
538573
361240
877258
200667
166036
519344
752645
375747
122446
872875
195700
29172
90410
234405
709050
667373
641507
281643
594377
704507
837944
683029
184449
742882
158855
871664
175633
471334
432943
678706
939250
352444
902957
682600
521289
511944
314558
811907
98286
946779
478709
705753
316842
324723
85350
214028
637956
158905
479912
636728
449512
128061
331362
900960
484051
580777
466936
919751
793946
387436
323500
924912
435717
138157
83673
743757
302652
987056
958745
640166
881352
356417
59778
653199
281998
967717
356586
963995
730541
529876
902136
823673
112818
83006
814964
810386
488152
611623
482856
578748
105668
756170
487852
605624
624852
826932
280247
557708
270257
261489
663906
752608
662239
4433
66368
550616
714359
491695
475880
541914
382135
746026
599627
860999
994250
851437
687227
732679
410711
979214
357735
454148
286939
396238
614256
396062
87959
896216
757309
83954
265773
572131
433454
412459
103448
684582
418897
162319
20738
103171
650292
341973
776840
98900
837015
812966
328133
954102
88556
604502
506195
299626
375287
253329
221126
377607
546547
519262
279657
494314
298554
217813
610877
76485
913934
949439
362564
823010
52866
753915
983449
170513
906457
837412
905646
848327
678649
977997
658984
691204
378833
361971
765545
839825
79028
172589
604796
754184
214701
305222
829608
602200
867044
197599
243787
511817
872802
314779
850366
151104
489633
572231
463309
155789
849645
978966
492448
61917
588940
977506
296873
139555
107178
980086
158260
132947
818793
560989
225325
443533
23101
529021
268608
854813
794710
368719
248765
19037
854908
306762
715448
878889
556466
464054
579574
381627
933047
792067
165120
195324
457330
64725
972891
789595
965605
206655
57248
711707
627618
841758
469737
143340
885931
438832
829048
463057
836392
570254
464513
528693
926630
709769
390211
780201
332351
277734
666771
120452
242779
685517
366675
591460
404937
491397
155926
259418
260418
444293
266239
336385
177998
379476
69525
553772
957336
333476
192311
184751
945207
537993
249587
706648
575939
397123
961923
605859
491738
604798
38522
270884
401436
501748
281995
509191
317707
169567
31342
484021
938891
153100
314521
767917
671680
436659
484437
522946
837027
795539
448671
80977
27704
875823
649469
143381
669246
49292
659395
591290
87698
835425
56690
412750
292695
375820
351199
115751
936685
280779
52471
697713
493071
5870
753247
288477
570753
627925
468711
372941
689344
353199
551033
49085
798548
260439
35490
28073
990363
776523
237144
449336
509039
523416
964190
154413
669038
446973
919117
989457
974416
756664
676980
830414
175355
95485
754665
910308
500842
707884
436666
315271
541296
555106
566042
844270
259243
476494
233834
330712
381151
299860
591075
43416
366822
314743
539898
598010
211521
846945
729859
448541
353028
368025
499803
693072
533572
418168
763250
27964
959840
899355
760999
733651
973464
628108
926011
917804
325598
182032
210941
887724
681390
696940
329980
280409
865586
262080
194048
162656
942267
641971
967249
600686
951593
329588
509157
789290
395316
711136
306048
158480
509417
679268
207246
334310
101480
723285
215382
603753
567525
751932
800697
379159
87203
256642
359090
841571
695644
885456
626760
813361
393987
788151
840766
8298
99374
916333
419413
192859
928658
528138
84349
906884
531725
554506
759711
844211
667577
454112
566965
331185
712923
674875
798571
462856
958078
56806
280967
521104
311327
775912
342489
189122
656413
46806
315085
274020
751478
112120
435066
665196
692312
347604
589230
86614
62178
720767
354002
777388
257772
308941
159351
76013
42535
522007
673204
701230
303025
70290
547032
541322
963913
520480
850129
923777
60765
387851
140851
787580
671602
298046
499337
666876
854666
315210
856955
293442
561843
688038
303220
213288
156026
823327
108882
955986
968678
23256
654387
967528
951276
820357
973269
887358
856943
57136
871117
23371
988576
261185
454506
389124
123981
285761
992046
113535
291566
485350
866387
649527
752650
849048
274278
770783
413723
361574
780915
284427
512059
609872
689644
745459
396487
510277
809702
751072
689743
27122
146005
299763
548285
642685
990181
588975
681085
66404
119753
687081
217004
516047
755271
297194
463972
823113
79782
374352
204235
934434
456929
722150
698432
44923
291128
156257
884264
956266
49914
71474
711300
3107
402311
299025
600544
874386
975537
283489
714968
548622
930755
244806
546956
161926
945988
937948
960071
383543
300347
54000
192072
972451
888689
77320
11945
443918
374122
789078
511307
668260
655804
724401
188372
753720
826259
558235
355957
711848
743589
525345
385482
647980
27159
789
499582
102040
498192
488321
517039
907205
652103
500658
465098
494570
166200
519372
405924
234204
970779
573095
714046
272741
65054
750951
340287
347398
231741
24676
418560
103466
146662
912627
699017
997910
932926
566038
360387
57468
193822
218677
805135
597865
632524
939237
186827
36781
986802
530608
691932
214813
887238
415723
466063
486654
171460
634723
92186
606772
875170
518096
40306
337454
538694
133290
653040
47973
745381
339716
274161
635899
358444
439414
492606
448832
109545
480468
963945
710739
43634
15409
881673
447405
83087
885402
78542
268500
130878
83894
247640
199089
587262
500381
325999
35165
88573
830622
718012
103088
935189
358935
511016
349819
17139
329244
86530
572238
448767
81313
723692
38121
182746
363200
279560
675417
266395
162149
673873
606457
575507
203624
658158
466764
291295
353460
959188
283436
768952
247899
91237
102351
641599
524919
868451
23887
127605
239610
950389
294372
629387
12539
958103
668812
443044
32230
911034
19478
257513
553035
793057
790717
571842
196590
835510
160420
482410
853210
38430
972431
253723
134540
254312
576809
147258
145318
329885
826597
50525
10386
86223
274934
631537
916129
228324
528802
53244
8017
374236
762738
739705
260764
773937
292010
784121
456404
647578
190750
846093
297975
688711
388893
440108
42209
545857
264380
691955
787956
293012
270005
40396
972499
181183
39756
22327
800776
439602
652920
168807
490739
171853
74984
626653
364876
448187
377214
981455
614358
708425
439461
579557
45602
325213
250901
248563
916188
315139
84746
674275
104163
247121
975735
504023
674766
617152
902988
537672
482652
101512
714837
36150
113111
292751
160238
414183
351312
381972
29518
455367
164539
8253
705462
37106
425319
466374
802793
263709
419964
795889
577415
102732
768436
623779
538094
481963
212649
74863
463266
561747
657847
955249
638329
105103
575092
777111
386043
585879
271835
958391
849262
3274
482097
122720
149068
297413
473523
774638
703415
625909
577426
146454
999286
174996
264930
788004
376870
960808
809550
372773
266346
829516
7725
488129
964771
307462
769129
450104
252053
816665
28845
923748
794932
659042
935764
367353
104798
622342
133128
856559
904776
597453
874205
833744
208453
614619
966025
987826
601919
137660
729444
433873
908203
615606
258757
983220
160912
198591
196445
711437
433123
666411
736064
100677
107872
671737
600446
689877
802208
128414
311865
280364
285152
222360
672776
431416
308380
578041
12132
274392
834394
445823
760421
763745
338765
101288
236700
162667
187484
265400
119550
391574
401455
172257
963266
525653
948493
966234
899420
588437
563858
358048
462547
861771
263906
898210
601026
970137
543535
443311
968189
842797
775069
605644
246739
506115
222041
565579
257218
260142
350529
60378
113760
290729
891336
114787
485971
279114
903376
547902
56901
37485
987527
394376
500048
72269
919421
91821
402504
215169
249915
31667
733607
957103
610265
236635
45621
220574
193992
812955
107293
877686
935350
258926
903176
29586
409413
10016
625687
91133
35653
461331
37617
432113
545723
80112
166367
28242
828817
800349
419169
50982
728070
647155
60153
960673
747240
666347
669844
769264
591732
533477
311589
276196
632189
40760
622692
180317
715098
643363
406466
368662
437787
617001
51415
9767
112059
452268
513896
571730
532139
838680
531221
180272
451024
763052
491311
564214
617814
530040
835864
775469
642839
305311
685188
8137
523129
360712
874149
687958
656660
757820
163255
207923
13045
8411
689604
759188
952522
725017
577688
197172
184417
948152
543457
378479
831734
455856
397140
737788
745400
447378
783733
24109
269996
297957
828806
37447
641540
548480
17290
385018
477028
815814
296160
711977
322602
589348
235949
605506
303858
419915
596649
203382
478947
249906
682098
742800
609689
794824
625636
361164
680244
778036
884482
558453
968159
227895
368761
374973
56965
456205
114149
336737
443340
295558
85483
106723
89494
565840
208901
452606
382046
486705
899216
835520
698607
642951
7839
286853
15222
150526
246439
436330
326147
365730
535598
18659
653038
251355
788969
19235
562725
57377
150218
754103
150843
757515
161640
742202
521001
888991
896572
653217
82175
241101
295011
304640
89944
323066
296022
666272
711143
640850
180418
630694
999457
781890
915113
741647
505298
837716
197764
819591
929320
768729
198867
328432
98680
900568
97593
324985
59455
821299
930745
352838
350654
539189
485210
45361
786013
758356
679653
835604
863836
579239
576511
156958
857311
912720
252867
195119
441174
416137
513999
401716
141757
92303
507171
179202
176527
705388
359071
718158
758106
708588
85339
754542
783905
548802
460160
235155
314318
623946
302764
420482
913676
800065
493084
195496
282212
704514
719821
623529
392299
66729
630813
616425
665308
520535
994040
218921
562280
99712
824065
733458
500861
921249
421057
162964
500433
117270
639377
484760
430077
645226
86277
886607
775696
462719
941499
830391
150381
221824
362875
283528
122117
459382
755397
805228
107059
909173
4028
773084
913133
682114
269428
533064
534715
805823
36455
379629
834000
550497
782491
759374
276164
494716
76938
966666
90635
712019
751694
172578
82361
524008
179524
61789
956958
94776
739401
983690
940612
604224
76171
224628
784320
682658
655265
348498
12764
110666
537398
766026
152186
916307
328713
706094
460342
249041
459808
393655
820043
615892
877527
788498
418219
488364
47257
745119
222463
757427
264495
74099
783318
764928
443194
994225
358024
623335
637623
949047
312270
784927
353499
26272
972282
859097
414060
939897
879623
388879
437309
8533
376572
762323
349689
816250
825811
807536
675467
894058
568312
59988
988526
764157
655704
387484
27050
118331
731507
51206
309568
693016
76755
297988
368457
492238
222120
881227
432128
22065
130194
891798
430209
184371
26327
952081
418718
605881
502003
740888
576903
8508
561174
966958
753501
745889
587000
359700
746587
118155
147849
683285
842189
853041
746748
135153
385293
346007
435519
283498
553497
227799
762309
164447
243501
29448
787417
737831
416224
533878
525725
803288
816277
197302
824022
314258
838553
686251
448347
818567
485745
707464
246687
230187
309552
379550
707591
417120
871535
303095
411216
983169
510901
753307
881335
560064
770180
210241
832507
177410
328686
793884
502643
764774
753407
237698
319789
283079
449213
998989
542046
416834
308331
77764
238441
898650
225686
578477
686199
254975
317506
630176
778638
292385
872325
409261
409072
290781
280156
177664
617709
608614
432173
595647
920418
615028
406200
337307
697120
2337
832928
60743
160648
3006
748554
251779
517891
150627
384939
487103
121013
814186
841746
104977
302140
67529
144378
755840
669642
654204
789025
333971
992385
248063
230593
304386
260204
759412
274683
642930
229404
254361
959632
636933
96628
556572
953058
241624
966475
707952
94366
621171
6171
458252
999088
319937
597485
609233
203931
264589
39508
383631
229950
461876
669561
271033
278390
100086
105652
193401
753364
200568
230297
383238
505289
82738
51859
923169
993729
325059
445071
199103
163369
913382
936046
618350
552203
183049
38677
795716
277667
990220
881215
972881
905443
249976
893958
931599
351130
667723
352763
36194
501651
543590
91431
281762
871856
963928
402119
745339
70282
974803
489018
112152
83426
464106
124765
267571
696358
786197
160218
244850
210268
221408
643462
786435
263211
546083
415907
285298
609194
583247
76702
710186
994041
234496
386502
218179
96253
639432
936112
223736
32779
14835
433507
162439
395039
52756
821535
463678
894390
191456
911868
600667
943515
450642
325302
19012
694993
857830
525723
39656
819274
55584
623269
196726
21520
746939
707041
137866
178573
436159
300505
826950
496439
871053
232752
473159
110544
56251
678726
329661
372111
198600
958051
901811
664474
345013
458105
166752
748891
458054
341022
619121
46821
712816
578702
703895
817777
496067
160941
85205
845917
376326
708654
265431
144634
90787
425452
423513
660367
610023
438255
271349
274145
205089
666837
471541
902380
366902
420566
536840
840158
958781
407638
204368
108251
542054
184667
378586
478898
560438
591735
303004
148426
245818
222966
331454
976753
978250
689184
457690
286168
248185
743467
219107
735248
569614
438667
360870
659396
629888
962207
653193
197985
563321
745025
144684
138776
513961
814663
659113
921672
451385
902250
158476
982700
707142
715660
779878
417810
40442
132009
164832
195032
135108
596272
403087
506534
347873
833656
888794
268518
819633
866492
330522
643288
453205
564126
246456
879782
425718
251685
876617
363512
35371
987763
578535
410158
601512
524284
714577
429305
884455
376612
162630
24797
543017
553342
319900
183375
38079
847018
645811
67556
265079
530947
691051
678306
312141
831358
378587
533842
662701
47762
994979
485254
885929
516035
931830
356513
772113
730265
169013
612647
985118
370939
601413
549646
864602
373851
414855
563558
118583
987717
651429
412422
965363
960293
988237
4895
110834
11443
273452
337508
892470
903995
53056
356425
227687
734668
511365
353702
87945
302737
524743
280099
826406
580509
224170
952540
840091
454078
32281
427121
388776
412561
934277
75802
135648
367643
724271
188255
847389
368861
755203
278279
671799
701420
220071
335337
685685
824977
939962
639170
387402
33277
399463
161766
800444
516942
305040
307718
10376
497490
888256
757637
147773
719853
95394
961902
838577
938360
915181
410571
867539
87449
435298
466679
375670
300978
81744
998446
886385
183442
47298
485405
600939
741461
682653
203121
814732
490198
241190
631565
98908
497607
383570
883572
200099
546291
956556
102046
180717
450621
127523
639612
769252
764769
966571
786267
165998
870980
413268
634062
37817
174075
849298
348667
716974
24247
587795
925092
355826
605511
378921
547583
446351
899557
293408
440517
584956
591966
503060
883809
135802
703671
258575
13627
40910
984866
119500
877117
686129
68838
364149
620165
831652
873409
754868
538267
493875
599694
178351
285603
611055
80979
866316
368867
270469
441400
679210
719935
857781
206153
993506
60794
133223
341098
464293
564981
500687
205742
956000
454792
933395
407630
323371
569066
479710
18723
947128
567565
755415
491881
650844
430411
518939
576685
369435
64236
681480
261905
566391
162410
877429
104026
109591
805606
685211
2575
963560
821007
521543
36924
825728
158804
752221
482742
523712
346923
856397
177432
812389
756643
995744
732576
533358
529869
993480
909263
169254
334693
560249
842397
660799
466779
653746
609899
343091
110058
489957
875137
305985
154029
404527
167022
187103
353452
74389
988286
521874
113894
356422
161934
332045
436866
306088
78994
470565
820107
229511
868297
832980
879140
197721
898944
744883
567812
667296
517334
195345
518508
91598
501269
403317
592345
351250
242656
858703
760120
545483
613306
801402
570
897217
281427
601423
851710
525089
645425
833279
596941
827981
436881
662434
916070
795543
163734
297623
835678
952010
339736
489303
615103
145859
474678
857442
306576
559574
320544
187461
937512
611279
600767
986409
700786
589578
361420
389770
764321
789281
581190
648698
316349
854881
165934
963398
231451
319473
174163
991691
880117
35232
924232
407898
607922
575823
359723
545374
664895
732684
406698
922180
982051
432615
402851
957003
530272
321092
348482
599735
7877
794138
569998
320522
550367
176396
276022
590767
808145
489797
364571
589789
4721
752511
212059
905795
377022
709587
802821
26674
361478
728485
904543
389201
280548
361134
768939
983028
820223
723620
763408
283745
951827
958296
431016
84690
207681
50740
864815
984300
226898
58360
974522
722901
800534
444896
145226
135482
905428
723172
202662
143946
880332
130516
310458
180404
246850
140208
880839
304573
938185
833359
103428
228605
737908
117475
55315
159940
898731
95403
523261
317927
133914
337111
108051
619527
907355
350232
349816
460813
572891
207838
779778
476236
627045
261028
528905
365857
664101
115397
122315
449891
958804
156488
67415
558236
527032
946721
945729
716477
686092
469238
716557
206741
754955
840767
698765
88799
151368
742235
80599
460292
702717
736687
831446
964342
803736
691795
416713
40357
997904
389331
19936
88102
228805
984310
711055
787125
940334
422920
620195
22794
839002
422877
127580
23291
311371
478315
901578
628855
659333
621389
894969
195682
478554
751046
902907
468180
971295
403185
940268
428465
717551
193029
472230
241971
412798
27470
45174
932092
634282
27605
675324
470691
48847
213469
683751
530340
131820
101683
205004
634538
435595
3279
967880
622941
50030
21272
809133
464005
799529
742827
12926
394508
953635
359589
881565
352200
868464
962654
465114
728907
629325
297519
621947
451223
863764
814661
157985
741087
631043
945082
510382
408026
872185
887943
27815
240081
662073
249483
567134
385793
476876
99540
260941
853436
74454
744523
110181
375648
560093
988231
45288
588045
426917
940832
522010
578688
641888
255609
881818
312353
452455
510695
361205
653787
94922
961828
966383
38687
166964
791669
571262
844460
581327
227038
335437
769563
323308
281012
654457
238870
567059
834427
858502
459656
409522
923382
647294
343512
683645
768322
178859
50600
958143
970981
795823
805765
193917
988038
314439
846430
371978
888817
761392
52398
387881
632786
334153
812733
201155
773701
620645
404185
447457
249825
263851
843828
77139
590760
562512
624533
894768
181704
531599
284356
489464
638954
211579
860614
371814
659235
261818
317929
897246
625178
876488
233346
910480
2111
238169
191700
206160
306268
489902
130869
910655
108239
255717
261763
271051
549591
344020
623526
694671
477726
770399
207197
142778
247233
27490
965378
382897
88669
391122
862649
569577
313984
398318
15790
429681
903633
450154
367784
707095
662936
232346
647800
798786
222048
696598
402478
283030
816204
162478
886927
698533
578332
1959
517537
966677
804276
791218
59928
365486
222881
1177
578976
127763
137286
680389
432303
116216
423264
778884
522088
976591
762413
574130
109999
211026
654750
555558
966939
389995
882439
599994
883333
933851
834105
27896
734360
373121
797102
691713
175128
766272
841294
90120
62153
281868
181843
89938
894434
102636
424526
296953
391226
546494
905742
249616
394273
38551
148971
75290
803404
850217
327894
138536
700189
929502
879462
239489
760413
143189
110210
462879
585532
271882
119542
170973
693062
651461
719115
157977
456036
297473
685812
508045
395149
757410
770562
146461
962092
396774
472879
269371
113220
228514
883136
318720
695330
646582
920953
935372
767582
69027
242589
598384
912904
337130
569177
828616
480337
359020
887355
457952
940859
22144
745832
869987
286421
435582
381435
160181
906341
126338
346491
625715
321128
809146
594426
654160
511847
868255
720196
447562
307573
839559
511399
366885
271771
179975
395907
30173
766806
232830
798078
246948
17959
948239
67600
947736
28387
304144
34585
498658
579726
309569
10768
591044
107245
600557
17699
866595
57690
428504
488059
72238
22569
106132
40054
625213
449612
883561
561392
437384
87421
450858
690983
896682
651713
484181
948215
436249
992065
971432
269166
951983
717508
629215
761956
734322
208686
334061
357514
467520
495803
363359
594305
63165
578230
39900
740881
596110
94423
582095
199813
646651
628878
831200
214621
680112
260514
301292
55979
529662
432805
196625
81644
145868
601830
878443
984664
999296
989353
545568
964599
986464
491776
979614
862206
975959
168516
359704
274725
747107
784413
369721
72701
661123
767012
48727
166661
703402
45879
817073
935926
889587
185094
620118
525218
751074
883370
734307
485570
302958
363039
177339
500225
752574
889998
478072
312485
97580
321499
950622
630156
399536
501588
171108
53560
220188
321829
306884
349569
965211
986842
877800
563549
651098
188745
264248
510405
584953
951713
966001
724224
524899
279650
229386
688553
698636
600308
854689
149332
749844
91680
97587
745883
176701
426825
320816
813264
511043
37254
167649
729064
290634
79524
822920
932963
737946
907117
717397
539457
191522
770217
96891
207770
52377
742966
80828
112848
977890
33435
352145
490875
930576
992785
525740
134803
448086
199078
27737
522502
235435
16142
49718
91686
690019
197582
171227
632855
885141
732996
764211
865961
148156
16363
842923
434161
892529
336881
296261
975047
594867
410775
459982
974027
196743
587440
217895
502593
532090
435066
39937
821392
149263
810394
476018
264807
691804
13951
27929
274749
44134
928369
202788
320894
764263
468444
380924
109132
763318
941598
671216
236086
70691
876110
924993
153831
699432
220970
47089
498636
497366
102427
798030
79954
305648
12620
270049
768852
266752
568793
383829
438989
313952
438377
611846
573452
94983
346802
136533
482891
974941
323788
788146
764748
381267
277058
26065
420916
974293
148755
374713
285518
128995
162373
117450
266873
847597
174347
561905
883308
59756
240313
37934
173436
90330
496663
159042
410736
375616
93971
128760
949725
529377
609067
375988
768323
249673
146913
919137
958862
902996
823270
17214
885112
597848
348619
931292
486320
261863
383623
566926
149116
671412
705494
468812
325530
586689
356902
991012
539700
564641
316869
915761
411901
311882
776796
665389
152148
967951
999359
366351
75500
332846
571038
812381
3881
671744
937378
291828
429067
45949
77773
62090
535542
300735
172004
797810
253897
908268
50820
572487
355950
248126
423457
675418
471342
128012
883524
896958
725991
669605
616416
76141
736528
23736
358982
514868
835898
839878
535870
326237
451114
281958
810983
974561
113074
362771
203356
115384
609824
691881
666839
546805
593119
132951
521998
311272
862696
565914
33491
566594
382671
205452
232297
627031
425096
876979
457747
575034
380908
721340
459480
506612
494720
509276
190672
563196
360975
796838
55233
771684
847485
415203
44415
627945
99060
711517
444867
418781
391725
291809
437446
715882
97924
744858
257047
555532
349964
125769
8238
113864
785341
875304
117543
172436
607307
923082
442177
68969
733058
639459
866055
284017
809442
232055
673009
278142
593361
629248
157896
483329
55526
164310
952134
743487
880467
534397
559909
307399
453591
184588
99899
92432
142869
171973
46271
536338
358206
829270
584063
310556
696626
912946
38611
636962
908705
266502
348871
705722
923273
715386
262570
959965
288257
820402
44126
338106
193503
541356
268153
134134
721092
204713
463248
363794
304212
128717
797196
230148
121896
97689
825349
603467
343835
484888
600376
397566
726520
908773
341789
233077
800399
666503
215683
199488
167554
214073
980385
566914
97056
170913
987508
639995
120757
368843
819477
397843
121747
613115
699483
985025
685351
907677
517005
432824
957186
999029
959028
888252
547683
510998
656022
631794
485785
682624
427387
937881
16912
994446
958332
554010
400008
229156
20173
336361
171397
444380
752520
265249
973187
887071
87018
278824
931468
920784
990561
96916
614399
344499
102688
634981
669976
635378
920416
589435
424932
743014
257683
175765
526441
37908
202544
566791
568558
906735
702706
798350
400301
305824
697137
952679
355799
678354
267330
462953
29879
638104
952441
757672
901169
824519
655021
119537
927543
864875
490393
850073
58793
969881
600817
610474
653400
715614
738850
328823
337749
269724
759069
783762
740892
107928
584082
106765
814595
360790
412497
834249
904168
945902
249303
682075
147465
639357
509599
258028
559013
59346
535469
811266
809796
342987
682418
641901
533817
370899
453616
619949
505573
887636
78100
195039
752818
347733
858729
997062
671645
571641
474305
578176
785582
909196
594281
976152
857711
531757
363975
807871
304791
127245
369708
51146
619759
398314
354705
465919
733025
842334
565160
688092
32332
729225
113809
429655
243777
873932
555352
140039
455235
405981
544876
634730
929081
722035
661858
211989
297581
404223
121182
952971
965713
740888
93692
302069
346048
542004
66530
732521
848252
546404
646392
538897
96033
542110
587567
428945
533474
50830
406340
998302
663755
42855
802801
358435
895888
926133
696619
892303
492772
39118
687277
84499
618270
925443
71777
932526
765186
222496
590803
649212
692420
983650
786829
389148
990601
599104
179907
890850
695322
20748
406251
369804
416130
292978
873220
434925
795443
318992
518625
349485
283994
871111
958562
775126
693562
305011
339830
176231
40093
964216
26527
143468
322523
174799
625038
389555
748716
445809
151626
677288
217008
287011
812357
756177
755194
488592
945803
725999
299382
275703
668418
929209
563860
173360
424143
58012
967055
75508
318038
974297
238103
658957
570654
33408
347307
693973
41765
999299
860801
114665
463866
528332
705562
295989
42948
947263
837057
379542
694450
694878
311429
250920
408428
237088
645703
255321
642931
964087
906097
643015
805164
413411
730792
266058
731262
504021
194356
591128
89291
647283
589639
981035
959211
62284
687943
361094
464935
542020
71284
766947
784335
694156
992894
635166
444403
743637
541850
830057
810632
760635
696188
571603
307700
193462
257269
436341
43743
668126
201411
231656
235792
818761
793459
836679
32334
96574
39088
781219
917077
108101
859710
943609
588817
702777
422421
888800
148988
474005
990867
919036
136701
381585
244448
697526
719648
86214
269777
706325
776565
155671
255468
171925
366139
618765
88449
948853
703208
818714
108353
125501
450213
501453
23445
671211
935421
298480
49155
303869
721348
301379
578048
716315
516504
628401
820439
454716
454853
133179
731377
347336
878428
851290
979449
599452
957011
850825
867447
52277
3246
533620
142765
236368
969964
185687
102791
968431
302916
711229
767487
648295
798444
374168
915830
773018
746961
266957
326355
105618
888587
103823
68650
882721
835996
87116
72961
89954
752467
988378
253930
177123
9422
964523
199437
673150
84087
319306
90552
678718
327267
199737
323913
254666
707263
660600
402413
452849
607255
926011
169133
524411
677830
139884
586268
557821
439715
88638
484041
163791
961382
352391
390648
544561
604145
30692
705466
137503
599045
59409
802361
963002
907684
158547
598390
614951
800401
413162
212475
456271
607195
811749
495324
879366
123704
52536
796133
512195
904578
591859
191494
823460
64717
581817
284016
16072
170415
210383
149464
847677
396504
162514
914480
15574
598569
182983
573202
511145
773985
714648
711354
803141
358565
249765
15311
951067
211431
312113
312406
408693
587805
113266
976188
6428
983476
812677
412924
191049
686563
268113
554209
150220
37555
885887
61446
633340
580348
60795
560910
349532
486504
947792
953018
554799
567057
660991
552173
362536
62855
68039
896903
753677
617056
332024
65114
560466
341426
119949
358820
35231
960418
140817
410698
262264
185736
638133
607088
784288
78401
45385
441383
317486
612687
11867
550662
482388
795897
262464
721835
692863
37279
600782
831333
140572
204948
988001
252563
92035
124146
392461
401700
738003
985373
609577
197200
238656
136021
905479
56144
361620
107100
759281
726368
345991
617248
845021
973319
672784
860810
782552
142710
558949
169313
315700
481140
788235
814164
560761
791227
496495
746034
279134
347330
30948
551712
786701
626292
645040
62944
277292
783557
730035
502065
938078
477575
699911
555034
429431
421167
859689
486260
27892
897974
463775
354697
690482
578640
110294
444762
99665
405623
26971
735900
382984
193455
517171
647163
492661
899672
212023
131268
880525
41858
309873
803662
334804
747532
330242
109853
408012
885113
908131
285471
922661
217217
590643
440302
539733
370046
324547
668041
288189
750819
546800
448393
607441
643853
994631
42878
472387
496141
451625
176991
303113
16627
911303
421647
253833
961522
518750
173671
389773
99737
377555
957670
902425
379039
716997
62350
556573
958977
320875
661192
414572
983250
180251
91806
119459
590239
948673
528362
407708
488815
254212
178796
41363
478361
453033
736914
236233
23027
185672
874120
173083
682488
350949
363175
355574
876487
718427
262894
335728
585599
866858
266769
571678
547400
595224
644514
720482
286127
716264
879660
168018
657929
534997
30868
665036
441609
155187
434607
260619
278121
249676
507939
936841
38439
857888
682315
718372
59132
496209
929844
866802
809313
818958
543839
94450
485908
790690
841028
26474
564731
503830
959756
62375
863462
72279
443440
844269
237466
554975
967487
328721
330879
324141
772107
256616
992124
252082
319253
488568
452970
127687
5367
30169
463714
190777
843576
636736
886521
266435
756066
816234
849866
461131
848628
841550
628139
49466
229225
59873
263117
711828
46126
20921
254692
338735
145896
386724
526452
566946
123936
165475
158163
427002
836455
403805
456547
945873
10353
956638
941012
291075
183419
354015
276803
523616
265872
857594
804779
267623
210787
453166
593243
705488
436886
19207
461635
459891
632900
247729
351576
392038
60598
52190
216284
396706
430910
502447
923333
285602
406413
5110
18232
360980
3900
177767
656479
366044
609242
562444
248231
792434
189886
41485
61331
174318
43569
197217
972296
415701
243139
204174
620574
453949
566531
852774
3176
768340
714357
981739
116239
248042
927306
122675
876869
77100
646663
230594
300871
388138
236063
716569
206435
98721
167331
752126
190635
579284
937451
934454
758019
769609
64572
889425
566223
138273
182730
328922
924048
588955
94753
628783
767235
45584
943116
834273
568094
405676
835565
273140
947105
688458
286580
924639
264228
398771
369367
909120
328691
44453
25600
110224
619413
905272
300322
157009
512281
967036
74491
14073
143186
14040
725030
325226
180821
347265
866180
167997
935080
467146
32819
386608
99448
991907
527817
834511
724790
780108
364912
370865
595968
134840
837891
621738
602756
509603
93367
373832
652607
426059
152942
277689
32313
633740
842696
843335
83572
102556
176027
781591
131957
196429
366969
958235
618756
240669
150540
240808
186833
305779
2255
997543
588203
86546
521152
556897
572674
656185
970756
493216
288647
868562
759195
236968
544675
510635
784390
963966
748110
931314
172377
877042
427916
522932
848557
153417
272169
117712
725761
994772
769667
159810
73983
498266
127330
399674
591461
428726
677597
793345
750359
552739
484440
539777
68108
883155
725682
47739
286981
790283
924439
734797
372180
927628
512021
487866
333293
233160
23526
500852
202141
425581
261981
291809
743229
849314
504295
247873
440234
640068
15010
597432
228070
546404
459276
371518
649604
480757
222840
933112
655854
444864
995353
902843
530803
783669
642063
314130
634899
461967
597573
709209
98028
882948
861087
923763
302779
635902
80344
160471
361671
556371
551362
407331
475893
368498
970155
558587
953934
759951
554279
603345
567480
526683
531938
646492
190368
346925
805175
410476
860252
671949
802855
895903
483249
854193
83901
58525
372713
547890
50493
962208
180209
403939
905981
766786
396051
207639
801289
739073
169748
479988
394506
312368
844694
889224
813920
780381
21596
704462
303766
6045
20444
424867
154080
832953
524602
347903
370796
777984
383420
618594
800143
875864
83029
696160
430389
248691
885987
205102
635784
743488
774909
554485
129959
345193
708087
467209
618940
99266
765125
783248
278597
950532
321966
620255
404702
121691
971865
224931
782165
407668
43629
778723
772822
613532
570814
754388
117118
951366
142395
187081
727653
26278
563613
105146
241539
34866
64138
10523
676013
816074
997400
885155
509372
975438
669687
271632
763310
536254
193081
55344
663790
193967
356837
865091
946498
91099
482963
599927
737970
16332
574242
439300
606443
376733
425775
806632
699752
337352
13499
342440
988160
17425
912098
907903
97846
940553
9647
592241
448355
601389
302842
747158
173799
340108
560401
321088
270654
309124
369793
659658
848787
77259
572027
571759
985398
872628
333299
244253
189616
802256
409925
528445
326645
740197
831283
809072
458687
474865
33101
732742
211179
779895
893934
113250
659214
954285
164975
333345
5526
795732
59461
420142
336873
786395
500437
573363
468609
134559
967109
104511
234305
673537
641838
908849
95697
751193
778806
388115
413823
692453
536555
307362
817583
869694
30915
91366
37025
668436
768662
454074
396777
754266
538634
407843
968071
923309
762304
43097
267895
723512
821949
969509
895143
9494
682274
712578
355997
960971
557982
616203
765977
98539
82174
395294
605636
555832
540465
58787
635187
385734
215886
799900
887980
760133
842537
316323
14137
846850
932423
479183
25060
823836
874063
676499
499713
640171
994262
53717
211031
542884
946846
410943
34498
191878
232895
603321
695435
291028
527407
627197
496765
874438
976333
167836
20582
893660
562660
432220
717897
947659
31948
980845
659970
374480
394683
844262
510780
917520
671159
412837
147933
306805
138094
231117
471344
450082
177211
898779
980010
250469
38912
943814
439132
301032
778355
551201
442414
865094
594951
928604
991975
249504
162910
403094
102766
45817
611965
709237
736500
90251
477802
438852
456013
805305
889371
405806
497291
742119
121067
866092
898792
778631
876768
863676
692478
595695
737848
955189
543653
275555
189719
106718
552445
259570
732322
27038
354776
310219
73977
919279
412312
253427
192632
606177
93704
439023
523052
44692
187131
866446
722317
463039
165464
648182
575258
272887
317467
186971
186364
363134
410661
975385
281750
50514
667777
918876
59203
277477
937483
394017
729336
795746
463519
71151
151978
773979
754379
914336
154097
181207
380038
994731
551244
533194
209554
651600
247440
480317
246133
307375
628016
923650
980000
219699
946232
896700
582786
965695
145153
455557
930552
138691
115109
279762
823911
486455
648296
446659
891043
557981
66708
778976
192059
958164
232211
585522
725301
890796
877688
29266
895719
260784
50995
914478
437075
71842
286351
626111
389483
279255
240716
301273
250158
385584
38085
928951
790939
143469
300789
967852
887805
81845
541609
292817
290878
197861
425446
378979
403125
788318
525912
292911
744993
273566
442577
419662
818544
527928
229119
281877
743957
358837
41033
780445
251056
569276
146757
596968
272560
241721
513252
227526
886557
694798
563894
892356
178034
917224
615919
104883
710424
714094
203575
352958
769804
568669
170844
590471
448508
642032
826656
681719
958402
500440
653333
22857
52859
96336
165766
573604
88660
527691
473574
662701
305299
769845
865881
470858
826615
551050
236664
441303
781348
215115
745141
520123
954487
527156
426025
984520
941884
205274
705424
300911
593025
616568
378389
242362
759610
874112
402651
721002
619331
308225
770894
636482
166888
796871
348676
561307
253777
535403
156282
346967
604216
318006
64904
639861
442980
946043
250970
249239
100176
189589
597329
652519
587310
246589
819213
929934
863277
422732
443025
32200
539926
274967
376499
804260
658752
811308
427798
131262
413545
234064
371151
637462
341575
571287
414647
286278
60992
317026
583955
737977
26518
642002
259240
735085
467816
123083
876250
591498
387501
265753
485260
674950
266655
299870
636918
347184
746871
19785
263877
519755
226993
632162
650673
298747
746591
133127
311727
951562
802228
634801
632256
508645
36061
632940
391529
456231
109158
168561
547174
422724
962265
522367
50113
963128
538212
869537
971085
470824
165772
480584
555787
696757
901971
375395
43002
203117
307085
489257
27433
857225
588266
100398
337178
341942
242858
810812
236121
967894
467638
773002
579926
859075
829188
715143
765025
263282
645770
849807
964847
187456
501908
832511
392281
777759
535678
584614
103444
290034
288809
584848
179456
480564
742853
13435
674742
182978
159642
868963
328207
226461
240729
448167
416352
510909
698865
482603
883631
224041
931735
91170
811864
363710
25003
170555
737759
227424
146564
319616
168833
530974
846200
209271
615948
714158
782325
316036
923811
765070
844936
491597
771912
72860
893844
183704
144258
978221
606908
140689
590951
471297
721745
816641
222267
168731
36209
871784
918666
117274
135844
656144
66738
957401
871106
993892
741019
167472
860338
490123
714591
760387
116092
606182
326581
826986
5136
624888
18772
333754
326226
520975
346939
494469
835158
410037
904661
213818
624064
966143
244735
844210
59353
161708
755290
444647
418721
456872
600588
547808
567256
629889
917667
606121
359887
579614
556499
493955
482843
590521
100340
737070
616599
292138
663083
700013
113648
636519
751504
156902
587679
998142
124406
315826
459353
189699
571708
330000
606825
291530
90516
874584
609234
143552
921224
307991
333032
267980
311136
3512
66655
829417
243382
859681
557988
908762
513096
613051
254728
554908
150229
97054
799926
903233
413997
884541
90507
932592
870968
51159
105394
216212
538035
162432
303495
847248
853501
407738
620279
340805
238236
351607
202642
988771
144758
557635
394616
775148
85756
207448
588100
834499
889869
960267
770679
734389
239922
311006
924498
406663
854638
475253
802646
397002
953578
136795
73171
328970
235401
708724
16779
189884
851453
730139
531878
615585
991165
828450
127304
926440
627419
77937
885637
851398
633561
284539
823564
928545
263876
403796
598816
964196
315194
985091
940118
706175
571886
245468
723380
709128
940847
458637
36704
278534
740477
470
223107
617227
74142
292136
834621
585794
666360
318655
5322
694109
728362
22297
434105
331313
325000
195707
274768
368749
877609
575771
826386
555800
383844
480261
22650
604635
546657
761639
130353
555447
372470
995450
400394
825491
943394
707848
411339
458356
419016
758229
737621
711731
193467
703337
500176
395972
543881
731713
16691
193974
208955
466252
953066
545599
575389
1930
812387
91783
381103
820837
344097
75070
224799
628142
18010
982365
555085
976692
748225
988620
318846
306424
900300
319291
69103
243526
803629
858942
698031
894796
215060
511029
555934
910144
452824
236944
350631
708137
937397
206930
616503
303771
914564
465764
19275
710560
550375
486580
908303
292063
258411
514510
469597
650422
662680
110625
697148
284997
386288
924087
137068
468087
895826
886723
410951
275312
44512
67976
827299
933502
153849
660913
182070
163930
469160
326313
103750
897039
215308
237774
96386
736768
565010
638454
829501
999763
845148
190489
286285
932242
285559
721901
906221
920976
208844
700684
892235
404193
959657
184330
933445
402374
248745
971249
628587
9800
530235
127307
851711
365584
653439
688279
69516
326740
15898
648402
828214
418869
620535
380835
243148
535564
437303
865422
780529
92123
267879
70315
941348
174240
789155
808633
842668
550733
455178
110533
449937
219249
130720
594301
864362
566479
941191
704179
746331
496874
319092
574979
924216
555169
62797
207997
198200
655640
316309
232182
696351
620006
989160
33661
17643
958607
402431
567783
791552
470862
978212
100690
722952
767183
643476
350177
923091
70611
325367
988982
506806
838841
423702
165376
993669
394086
175378
76589
318131
24553
223794
670631
665182
271051
154119
870930
330024
592810
477165
701230
570612
801228
398248
799930
757978
486667
353810
90820
513399
437586
853085
953600
60129
164342
535761
230349
39339
936696
709967
219411
212804
323137
671841
296901
116949
84840
740720
275866
907518
740350
678961
437258
191223
413431
408225
290886
835508
751391
402821
59150
769606
630811
697153
433007
316739
668302
499742
167341
808252
94324
997515
772541
634260
179204
298150
509592
558170
891107
21722
779928
216398
582354
767838
258821
641424
353202
276948
673408
428906
50258
116781
557031
768416
455726
758156
869451
400837
410880
825669
695777
432319
734691
995578
401209
906796
631628
952053
934435
727767
81650
784475
312650
56244
194235
944432
180842
755530
405692
723433
533052
158151
421169
203815
727647
570294
707352
306305
379763
539018
952103
34493
304039
372667
984316
41579
120224
382891
554388
42284
211965
968402
606022
184674
820111
232619
435671
431891
191010
686277
241122
775124
779243
147565
120773
214302
8837
388857
205497
293551
174482
304932
243431
247813
527829
868336
978693
729076
732165
63109
205390
614927
156300
751136
657408
352383
496641
527771
896467
159422
862637
725029
945402
690654
544323
849958
515392
863519
401449
183251
679412
338889
949611
305696
763439
861199
64430
590985
901789
652924
466653
103798
836169
66496
409412
541918
149219
40850
867179
703125
817311
294943
214758
44409
211019
513788
446634
375800
271775
543585
960306
611441
574581
118664
660054
607839
624936
859367
713608
414775
33204
761260
742757
187348
666319
821744
606836
872949
904788
962488
880894
201175
938353
746825
857274
141859
812928
875275
666683
849026
371843
475506
261926
135743
22056
792613
367642
230318
439284
167538
557839
66539
439025
594000
61952
406999
889051
358009
932129
191703
611002
282788
634136
838553
11254
583763
983481
441212
776020
629472
663923
333754
814950
306928
812760
333139
502048
30127
541349
313409
394781
628909
704768
379692
964620
193301
28689
494592
450667
200104
968852
453654
924098
33698
985448
410817
798194
282237
602751
649789
425725
539230
494558
644537
511090
965643
648433
187978
808522
510518
98402
491884
623976
559151
588341
474271
376330
31971
599617
78715
228375
820043
980339
473415
393679
924511
933679
418921
762638
539169
636867
20117
537188
374660
838027
186475
784257
521143
154840
648398
980494
663463
634943
758414
325418
225673
557367
333696
545174
913669
635847
804838
597663
148624
257930
592698
423778
601893
620416
204126
547867
521796
890033
120039
452216
936136
824933
151856
89450
922055
696925
728009
629821
229279
786590
279137
630838
985610
394247
756087
111529
595699
384736
498513
451564
251217
519158
636242
949098
761218
34188
270188
712084
830035
210266
758137
458336
871080
603127
582663
907800
136022
554599
4656
627529
856471
467744
74391
945019
44596
83789
377101
289952
642945
215647
707650
191755
747963
666355
627008
474360
617794
836639
171987
803096
969982
830228
725219
232842
388834
173341
249023
432964
943211
125768
976131
753381
250518
178337
679385
192043
307864
555034
629762
523362
555738
269485
462101
728620
244756
246871
344625
470331
574977
327964
210037
605522
518904
524571
591383
815286
893458
685244
243117
836747
182162
421965
592136
569859
753464
49386
273044
414723
202214
99449
859208
728532
900516
506148
836038
61957
432544
322027
94769
200244
452522
217189
10813
450495
448184
648927
787193
439197
810833
680921
684323
365567
37817
965455
923052
371461
12456
959519
301730
461021
377848
820252
537465
340654
820315
933868
210794
128714
394194
723294
262286
781572
155849
723980
370934
270627
551459
112974
641182
905287
897042
733116
185256
600012
951733
700200
478103
564015
366494
490730
579773
23251
484431
291352
728252
460499
570060
320345
241140
104751
311887
832203
478627
898505
592605
472609
194775
198450
162141
403402
278278
678677
440015
167850
174900
168909
932320
968966
510473
388673
110747
919495
769413
730595
967557
350976
666704
224862
292604
662361
11826
73791
578409
490683
220879
802622
856692
892840
269392
521410
992918
160817
88978
823671
677046
706323
484715
582419
99771
908641
571473
236708
63050
13331
32836
819185
51111
1793
967146
436720
530713
872844
352074
159305
330144
260474
460548
344351
415970
518829
775734
648659
91291
88373
769843
313906
727083
789782
466122
299757
592713
764197
126413
786639
952524
832291
359099
743315
557040
651760
418879
442099
352693
846582
738406
817734
664282
804562
384142
849176
106404
144390
618454
663756
402968
778017
513705
386265
318495
407583
850503
371719
315581
318959
603796
143306
758409
678981
898422
90211
672797
877375
461622
793790
696729
142537
202454
396395
238684
148858
708212
202075
742009
241618
782683
189228
724134
871074
920989
41539
862756
340568
162887
526288
941902
325411
306989
556501
734329
368468
256357
689586
495111
151940
606657
981418
913604
987552
741501
886830
836380
487392
103471
673958
671464
966438
525809
736548
421905
618463
928202
947780
386656
965316
404602
577091
805933
146177
159693
510454
131732
885410
194329
152852
194957
417568
373138
782502
755628
671218
3690
508034
179848
139165
542653
173112
216306
934573
748949
614814
501681
699758
680733
351815
705827
440214
118317
554833
192611
182315
946090
968347
612133
18935
699069
774905
269239
206382
697195
62971
376520
949664
466901
57596
906904
760086
102534
422235
596771
910981
92069
968823
356916
392884
89116
377743
985390
748350
805631
52064
466601
462900
911676
945656
66125
158902
62063
244288
718218
904389
883139
228851
844371
3733
993612
628373
471085
267097
374969
470364
329815
938311
278172
742295
364945
923335
152266
850558
481910
807825
194056
949100
241604
564189
77144
618184
498847
584149
444296
980451
506480
829525
376554
203702
925351
587225
664484
753379
902181
532410
155433
955770
289402
893297
858611
781221
450806
385534
715490
210416
945455
343496
70057
454323
877699
430359
988974
535289
818286
658383
188301
136681
780406
545561
889304
885504
904332
707938
255558
564043
737748
738361
909113
945263
988048
164106
653547
563524
334233
835144
186645
887760
151477
597751
122237
903816
12331
456977
808484
901456
577140
451352
209989
141612
570889
871718
32772
438224
616131
408506
432256
930174
438350
707202
53879
753900
84153
826096
515271
751346
253309
713830
429667
731985
978375
33425
765161
239217
268396
529368
235002
692428
258046
269866
107556
446706
532210
931683
147714
478339
459435
402061
200958
853425
426994
878853
875627
275421
745417
543428
224507
291097
985546
654131
769856
970297
318169
345912
763360
179407
230662
456509
168805
395879
371340
462817
915568
923141
508401
631793
497546
619032
981575
476783
457455
298293
273366
8753
967968
201432
959913
555138
515632
323424
720432
866566
552388
577994
875715
63603
29949
893633
322331
283790
998166
501373
101804
225817
677476
138174
331153
443006
376381
679977
774461
936838
728185
307225
663476
800239
73850
384039
693107
265418
344813
642345
31808
862194
753589
337171
913185
322202
25423
524572
411182
220704
603687
378702
262760
202979
541163
766803
682547
668864
851825
974247
193271
773470
261096
599662
798107
78528
718329
447014
90446
65393
672916
705159
327070
632832
956720
578289
313194
155937
151745
311101
31611
214166
91234
538135
533339
426053
649076
597707
717324
597302
857626
517618
264450
848525
218752
182681
336966
870253
711400
399428
793921
512410
616729
375950
972964
103278
61038
708415
359291
989550
224632
690041
683827
587831
365120
458726
769577
109595
339475
552301
503239
879892
173625
489499
270560
738072
41280
850472
396481
338650
966232
670301
164810
194638
674895
869548
635527
281994
763472
546130
573251
184429
842827
806364
380525
342970
301320
683966
605996
311425
407074
438244
262774
547553
832148
581543
803666
841440
730852
332952
590133
73565
394087
768692
798266
447795
214649
510531
319376
807997
710739
10828
20182
106975
119888
496748
176542
148215
301824
333799
805578
859130
468164
287696
805788
183363
847737
356177
821567
260539
894199
587235
167208
135774
736060
552281
613867
309884
875833
919337
367472
27354
921229
466742
639983
920824
609009
979200
815034
317188
402400
439896
127921
36832
701728
84860
644443
68899
472642
527133
58483
231271
316481
253621
277252
482988
493509
730773
486532
340190
344112
317450
874822
916087
235991
701044
780494
340530
919106
918331
239785
633948
596706
522802
18124
569719
17205
535120
808867
426312
128379
458539
872394
358708
288121
729539
193123
871324
133196
119400
125090
623034
654208
492148
380069
296923
239888
110904
514810
958071
220484
299320
570242
405476
972107
870339
389096
522689
884462
140067
730976
899929
421075
313013
293379
30315
984073
254796
435247
807726
300370
534205
307357
852079
700514
570081
311557
890182
581650
299854
917645
700492
391286
316519
727900
10184
579488
148399
494547
102514
39986
35640
844445
709324
194614
133826
145277
251028
354885
322977
574486
599590
713078
661575
618997
594435
743358
155066
480323
535049
901669
929398
862983
127626
830410
510841
247461
159723
624069
896560
610724
119383
117752
827346
905498
629864
114145
725532
203152
670543
620037
13938
30497
573321
927581
523097
975748
698734
864660
224392
233201
37886
422272
643807
429773
135957
152360
434502
859422
353009
866281
149044
963262
340513
233768
927315
968448
926854
402044
468329
110561
12978
324304
668021
274405
989100
886153
506366
33717
825328
895308
765783
40941
791774
530565
97954
283911
16181
940662
548151
286151
571422
828444
440889
68529
118713
353412
357365
766179
952428
227979
258087
191283
596801
182059
403993
219373
446927
833345
408702
711981
346439
745710
631156
434942
41487
133540
422765
625104
831175
615029
589967
567727
458983
995435
746470
800187
97520
439122
628241
868955
166458
99784
27871
241325
295462
693046
429232
580156
903858
759573
540275
901266
542535
137062
666777
113685
346566
674731
263804
842086
798323
89219
18594
709953
982721
224988
555632
934757
557219
219333
689938
854471
139963
665788
969452
372467
119056
177391
304959
968341
128678
737314
204169
1413
84842
584667
807547
168269
207052
16391
870292
558412
134255
502632
659366
160834
747546
916602
233293
688569
563272
852945
563663
292279
931164
62875
190125
875189
121146
10838
393217
147560
396577
309521
984353
739168
890505
853690
916159
49604
85695
50405
544735
779939
20583
381313
718473
856380
384821
106847
931490
410086
642655
694430
649374
638367
141914
40953
420475
913728
812385
985179
417620
116318
662925
98058
672492
955994
675468
451551
68496
103570
33125
84648
14244
69668
753170
408517
152460
236683
793855
958478
356658
126387
714991
796334
822802
880224
657872
475332
362853
492757
275272
723846
805183
793316
40321
795133
927439
806161
905542
199056
312706
382907
541410
14110
146794
763644
522693
544874
47462
187520
203046
833677
819007
308348
132587
312556
856739
425495
281432
431812
578445
753830
499434
333308
996843
376136
980227
921897
68809
41723
546066
225236
725942
309152
864004
196712
590827
931947
574811
660726
758021
38811
176877
143581
410407
321210
469679
60431
715190
689088
856340
498295
292684
585425
938921
829408
967551
538417
518379
212044
888908
996339
93461
461893
33429
122015
271348
12647
174211
648707
761579
791003
757989
270321
147844
641156
340155
415219
852926
415144
681709
215809
627874
892093
331432
346515
844627
523888
445385
915773
549301
482681
819088
561374
452796
69944
139181
962834
603539
194826
736542
154303
260862
364232
587787
718833
31761
240657
338834
745065
748005
600126
940999
225431
949489
598217
373543
182079
725604
982619
572191
179043
335446
403047
131640
839156
453465
263707
818347
274926
252109
16741
109784
367221
941167
305018
498896
247042
467730
954631
653263
378978
26277
462556
639139
632663
154104
498555
876382
264647
497576
812113
842255
141266
727465
914480
461059
686227
235309
672947
243060
607483
925870
326955
952241
242957
181309
143639
239963
646073
185927
962454
196305
80257
265900
925297
868131
807070
659429
221338
254358
477185
864973
338484
513618
13610
542076
443145
952991
506309
308990
673419
402872
86129
330144
605063
796643
83511
326938
461733
299775
902304
788969
569357
560888
284550
277563
222075
925193
551499
793495
961471
556102
157765
309119
100554
410965
781159
587731
476186
446433
829412
565618
712658
355757
307593
430107
135601
935542
477674
925206
115598
803251
431040
629923
236149
403392
511481
511760
312093
771421
816929
327623
599937
773609
987659
913567
240498
810176
157071
658857
637130
224659
139156
473047
864892
173675
325318
922974
305521
660942
867971
18608
452887
47156
824752
138009
821605
376172
112832
489855
768104
523463
437627
166816
921310
135817
845876
428887
208617
349076
185343
221486
678235
511227
58556
786619
973125
383893
262942
586756
439779
449338
421885
137375
278981
662717
796686
934649
717331
976081
754926
414459
836176
573029
583520
374027
836007
584571
482141
938891
700562
80508
324733
587520
865660
343533
84047
194978
96851
860651
446957
855343
826202
66401
963676
91978
65181
988940
440466
481892
306299
584986
995468
307398
611813
346636
563226
202859
235565
943941
491684
761835
636836
506909
916825
937875
530969
11342
792890
523328
501471
472613
768583
18256
945122
125675
938834
864298
694953
531609
462761
424902
747159
810925
657489
58270
955364
437112
445480
41848
302415
79327
292915
632389
459315
93938
546756
857797
251978
519332
510912
532310
29630
400953
769623
157977
23805
384363
519086
10907
519422
80360
914923
726289
93641
742044
837069
911113
536650
815687
989521
980614
193309
903713
349248
292988
896013
313082
539744
843135
526453
178799
462036
309892
7071
493633
375029
556584
815437
232828
911945
750111
179311
507717
430544
185753
554676
28540
235513
241423
244863
758077
254414
792258
372756
79770
255389
652645
162612
11494
70441
390786
333350
848890
52225
15617
690865
547011
87366
418513
780094
741128
876078
339343
446545
196051
107164
611502
421225
998643
267826
742892
647745
773850
412890
268248
910361
207689
484653
201367
441784
746583
837460
604877
67422
996711
946128
935211
714091
226841
373818
479402
817811
734853
326898
145330
225111
441631
680654
837152
901550
363385
918405
347183
572684
250094
412395
62795
952097
640949
240536
525114
377891
520904
154817
672838
820489
589539
44596
925742
83898
98018
60973
128369
362044
367880
